Object Un_lris Un_lris_err G_lris G_lris_err Rs_lris Rs_lris_err mosfire_J mosfire_J_err mosfire_Ks mosfire_Ks_err irac1 irac1_err irac2 irac2_err f140w f140w_err f160w f160w_err Redshift
Q1009-BM101 23.09 0.1 23.44 0.1 23.6 0.1 23.72 0.13 23.93 0.23 23.77 0.15 9999.0 9999.0 23.17 0.1 23.81 0.1 1.714
Q1009-BM105 23.75 0.1 23.49 0.1 23.12 0.1 22.37 0.1 22.13 0.1 21.33 0.1 9999.0 9999.0 9999.0 9999.0 9999.0 9999.0 1.563
Q1009-BM123 24.75 0.15 24.47 0.1 24.46 0.1 23.53 0.1 23.6 0.15 9999.0 9999.0 9999.0 9999.0 23.46 0.1 23.44 0.1 1.631
Q1009-BM124 24.65 0.15 24.34 0.1 24.22 0.1 23.36 0.1 22.76 0.1 22.33 0.12 9999.0 9999.0 23.0 0.1 22.85 0.1 0.932
Q1009-BM130 24.17 0.11 24.27 0.1 24.37 0.1 24.14 0.17 24.65 0.42 23.99 0.28 9999.0 9999.0 24.44 0.1 24.39 0.1 1.568
Q1009-BM133 23.89 0.1 23.85 0.1 23.94 0.1 23.0 0.1 22.73 0.1 22.73 0.1 9999.0 9999.0 23.23 0.1 22.77 0.1 1.43
Q1009-BM134 24.86 0.19 24.59 0.1 24.48 0.1 23.99 0.14 23.27 0.11 23.37 0.1 9999.0 9999.0 24.45 0.1 24.33 0.1 1.408
Q1009-BM143 24.2 0.1 24.16 0.1 24.4 0.1 23.62 0.1 23.92 0.19 23.39 0.13 9999.0 9999.0 23.69 0.1 23.63 0.1 1.505
Q1009-BM152 24.93 0.18 24.88 0.1 25.03 0.1 24.85 0.28 23.91 0.18 23.92 0.21 9999.0 9999.0 25.15 0.1 25.06 0.1 1.604
Q1009-BM156 24.1 0.1 24.0 0.1 24.09 0.1 23.28 0.1 23.47 0.14 22.82 0.1 9999.0 9999.0 9999.0 9999.0 9999.0 9999.0 1.379
Q1009-BM181 23.45 0.1 23.25 0.1 22.99 0.1 21.86 0.1 21.38 0.1 21.26 0.1 9999.0 9999.0 9999.0 9999.0 9999.0 9999.0 1.571
Q1009-BM20 26.81 0.77 25.73 0.1 25.65 0.13 24.65 0.21 23.33 0.1 22.53 0.21 9999.0 9999.0 9999.0 9999.0 9999.0 9999.0 2.633
Q1009-BM43 24.24 0.14 23.92 0.1 23.8 0.1 22.69 0.1 22.63 0.1 22.78 0.1 9999.0 9999.0 9999.0 9999.0 9999.0 9999.0 1.334
Q1009-BM54 24.07 0.1 24.08 0.1 24.14 0.1 23.5 0.1 24.78 0.46 9999.0 9999.0 9999.0 9999.0 9999.0 9999.0 9999.0 9999.0 1.346
Q1009-BM61 24.01 0.1 23.84 0.1 23.74 0.1 22.97 0.1 23.01 0.11 22.63 0.1 9999.0 9999.0 9999.0 9999.0 9999.0 9999.0 1.303
Q1009-BM78 25.48 0.24 25.45 0.1 25.47 0.12 24.34 0.15 25.7 0.77 9999.0 9999.0 9999.0 9999.0 9999.0 9999.0 9999.0 9999.0 2.07
Q1009-BM92 24.44 0.16 24.06 0.1 23.75 0.1 22.5 0.1 22.11 0.1 21.77 0.1 9999.0 9999.0 9999.0 9999.0 9999.0 9999.0 1.888
Q1009-BM95 24.87 0.19 24.45 0.1 24.32 0.1 23.68 0.11 23.62 0.16 23.16 0.2 9999.0 9999.0 9999.0 9999.0 9999.0 9999.0 2.646
Q1009-BX108 24.49 0.12 24.23 0.1 24.27 0.1 23.58 0.1 24.59 0.35 23.19 0.14 9999.0 9999.0 9999.0 9999.0 9999.0 9999.0 1.593
Q1009-BX11 26.0 9999.0 24.68 0.1 24.15 0.1 23.89 0.17 23.26 0.14 23.18 0.15 9999.0 9999.0 9999.0 9999.0 9999.0 9999.0 2.768
Q1009-BX117 25.27 0.26 25.02 0.1 25.0 0.1 23.78 0.11 24.48 0.31 9999.0 9999.0 9999.0 9999.0 9999.0 9999.0 9999.0 9999.0 1.993
Q1009-BX120 24.47 0.13 23.97 0.1 23.98 0.1 22.87 0.1 22.72 0.1 23.24 0.18 9999.0 9999.0 9999.0 9999.0 9999.0 9999.0 1.635
Q1009-BX121 24.39 0.15 23.79 0.1 23.61 0.1 22.41 0.1 21.76 0.1 21.39 0.1 9999.0 9999.0 9999.0 9999.0 9999.0 9999.0 1.739
Q1009-BX133 25.38 0.23 24.97 0.1 24.8 0.1 23.47 0.1 23.32 0.1 22.93 0.16 9999.0 9999.0 23.41 0.1 23.49 0.1 1.982
Q1009-BX144 25.27 0.21 24.71 0.1 24.91 0.1 26.16 0.65 24.77 0.29 9999.0 9999.0 9999.0 9999.0 24.33 0.1 24.31 0.1 2.116
Q1009-BX145 24.64 0.2 23.73 0.1 23.59 0.1 22.25 0.1 21.48 0.1 21.14 0.1 9999.0 9999.0 9999.0 9999.0 9999.0 9999.0 2.218
Q1009-BX146 24.98 0.21 24.1 0.1 23.91 0.1 23.53 0.1 22.6 0.1 22.38 0.1 9999.0 9999.0 23.08 0.1 23.09 0.1 2.268
Q1009-BX155 25.53 0.24 25.22 0.1 25.29 0.1 24.17 0.11 26.66 0.42 9999.0 9999.0 9999.0 9999.0 24.25 0.1 24.11 0.1 2.145
Q1009-BX158 26.05 0.39 24.91 0.1 24.85 0.1 24.22 0.17 23.71 0.16 22.67 0.11 9999.0 9999.0 9999.0 9999.0 9999.0 9999.0 2.464
Q1009-BX165 26.02 0.69 24.43 0.1 24.07 0.1 23.69 0.12 23.17 0.12 9999.0 9999.0 9999.0 9999.0 23.0 0.1 22.75 0.1 2.527
Q1009-BX167 24.58 0.17 24.59 0.1 24.35 0.1 23.07 0.1 23.21 0.12 24.32 0.44 9999.0 9999.0 23.41 0.1 23.46 0.1 1.791
Q1009-BX169 25.39 0.27 24.7 0.1 24.46 0.1 23.6 0.1 23.37 0.12 22.89 0.17 9999.0 9999.0 23.94 4.57 23.51 0.1 2.116
Q1009-BX17 25.38 0.27 24.53 0.1 24.4 0.1 23.68 0.1 23.43 0.12 9999.0 9999.0 9999.0 9999.0 9999.0 9999.0 9999.0 9999.0 1.804
Q1009-BX171 24.75 0.19 24.06 0.1 23.7 0.1 23.44 0.11 23.38 0.14 9999.0 9999.0 9999.0 9999.0 24.01 0.1 24.09 0.1 2.206
Q1009-BX172 24.24 0.1 24.09 0.1 24.08 0.1 23.74 0.11 23.36 0.11 23.54 0.14 9999.0 9999.0 23.68 0.1 9999.0 9999.0 2.099
Q1009-BX173 26.41 9999.0 25.32 0.1 24.96 0.1 24.36 0.17 23.31 0.1 22.24 0.12 9999.0 9999.0 24.2 0.1 23.65 0.1 2.65
Q1009-BX177 25.14 0.19 24.82 0.1 24.74 0.1 25.19 0.36 9999.0 9999.0 9999.0 9999.0 9999.0 9999.0 24.98 0.1 24.31 0.1 2.095
Q1009-BX182 26.55 9999.0 25.95 0.11 25.59 0.14 24.34 0.15 24.39 0.2 23.5 0.11 9999.0 9999.0 24.58 0.1 24.28 0.1 2.307
Q1009-BX183 24.13 0.14 23.91 0.1 23.84 0.1 22.68 0.1 22.5 0.1 22.15 0.1 9999.0 9999.0 22.83 0.1 22.75 0.1 1.604
Q1009-BX185 26.06 0.42 25.19 0.1 25.22 0.11 9999.0 9999.0 9999.0 9999.0 9999.0 9999.0 9999.0 9999.0 25.28 0.1 24.85 0.1 2.116
Q1009-BX188 24.15 0.11 23.7 0.1 23.7 0.1 22.98 0.1 22.35 0.1 22.08 0.1 9999.0 9999.0 9999.0 9999.0 9999.0 9999.0 2.197
Q1009-BX192 25.65 0.35 25.07 0.1 24.67 0.1 23.63 0.1 22.94 0.1 22.29 0.12 9999.0 9999.0 23.09 0.1 23.0 0.1 1.635
Q1009-BX193 26.21 0.53 25.31 0.1 25.23 0.1 23.95 0.1 24.56 0.26 23.99 0.35 9999.0 9999.0 24.36 0.1 24.03 0.1 2.464
Q1009-BX195 23.43 0.1 23.2 0.1 23.32 0.1 22.59 0.1 22.38 0.1 22.09 0.1 9999.0 9999.0 9999.0 9999.0 9999.0 9999.0 1.182
Q1009-BX197 24.52 0.16 24.16 0.1 24.19 0.1 23.62 0.11 23.33 0.13 23.57 0.23 9999.0 9999.0 23.74 0.1 23.68 0.1 1.787
Q1009-BX199 25.6 0.56 23.95 0.1 23.76 0.1 22.83 0.1 21.54 0.1 20.97 0.1 9999.0 9999.0 9999.0 9999.0 9999.0 9999.0 2.646
Q1009-BX201 25.48 0.46 23.59 0.1 23.11 0.1 22.07 0.1 22.14 0.1 9999.0 9999.0 9999.0 9999.0 9999.0 9999.0 9999.0 9999.0 2.661
Q1009-BX203 26.39 0.62 25.74 0.1 25.29 0.1 24.6 0.21 23.96 0.17 24.64 0.4 9999.0 9999.0 26.53 0.14 25.3 0.1 1.999
Q1009-BX206 25.67 0.39 24.9 0.1 24.41 0.1 23.88 0.13 23.08 0.1 23.56 0.27 9999.0 9999.0 9999.0 9999.0 9999.0 9999.0 2.257
Q1009-BX207 23.78 0.1 23.3 0.1 23.24 0.1 22.12 0.1 21.91 0.1 21.64 0.1 9999.0 9999.0 9999.0 9999.0 9999.0 9999.0 1.706
Q1009-BX208 24.85 0.22 24.08 0.1 23.88 0.1 23.09 0.1 22.57 0.1 22.73 0.15 9999.0 9999.0 9999.0 9999.0 9999.0 9999.0 1.91
Q1009-BX209 26.25 0.66 25.37 0.1 24.86 0.1 22.89 0.1 21.5 0.1 20.41 0.1 9999.0 9999.0 22.13 0.1 21.93 0.1 1.565
Q1009-BX213 25.22 0.23 24.5 0.1 24.36 0.1 23.41 0.1 23.23 0.1 9999.0 9999.0 9999.0 9999.0 9999.0 9999.0 9999.0 9999.0 2.255
Q1009-BX215 25.91 0.45 24.57 0.1 24.14 0.1 23.64 0.1 22.66 0.1 22.2 0.1 9999.0 9999.0 23.27 0.1 22.96 0.1 2.506
Q1009-BX218 25.37 0.34 24.67 0.1 24.7 0.1 23.56 0.1 23.03 0.1 22.37 0.1 9999.0 9999.0 23.21 0.1 23.0 0.1 2.109
Q1009-BX222 25.58 0.3 24.93 0.1 24.87 0.1 24.18 0.15 24.25 0.24 24.37 0.21 9999.0 9999.0 24.29 0.1 24.25 0.1 2.203
Q1009-BX222-CS3 24.36 0.14 24.21 0.1 23.88 0.1 23.12 0.1 23.15 0.13 22.59 0.1 9999.0 9999.0 23.05 0.1 22.94 0.1 0.949
Q1009-BX222-CS9 26.58 9999.0 25.96 0.11 25.39 0.12 24.3 0.16 25.72 0.9 23.57 0.12 9999.0 9999.0 24.73 0.1 24.48 0.1 2.654
Q1009-BX223 24.91 0.2 24.23 0.1 24.06 0.1 23.87 0.14 23.23 0.12 23.43 0.23 9999.0 9999.0 9999.0 9999.0 9999.0 9999.0 2.2
Q1009-BX225 24.2 0.12 23.6 0.1 23.35 0.1 21.82 0.1 21.55 0.1 21.06 0.1 9999.0 9999.0 9999.0 9999.0 9999.0 9999.0 1.536
Q1009-BX227 25.93 0.53 25.16 0.1 24.95 0.1 23.78 0.12 23.1 0.1 23.17 0.15 9999.0 9999.0 23.9 0.1 23.69 0.1 2.456
Q1009-BX228 24.25 0.18 24.48 0.1 24.16 0.1 22.46 0.1 22.93 0.13 22.72 0.15 9999.0 9999.0 9999.0 9999.0 9999.0 9999.0 2.145
Q1009-BX23 24.06 0.1 23.58 0.1 23.57 0.1 22.73 0.1 22.52 0.1 21.67 0.1 9999.0 9999.0 9999.0 9999.0 9999.0 9999.0 1.821
Q1009-BX239 25.3 0.25 24.77 0.1 24.77 0.1 9999.0 9999.0 23.92 0.15 24.02 0.36 9999.0 9999.0 24.19 0.11 24.22 0.1 2.326
Q1009-BX241 25.3 0.15 24.03 0.1 23.02 0.1 22.48 0.1 22.21 0.1 22.71 0.1 9999.0 9999.0 9999.0 9999.0 9999.0 9999.0 2.641
Q1009-BX242 24.44 0.21 23.67 0.1 23.17 0.1 22.39 0.1 22.05 0.1 22.51 0.1 9999.0 9999.0 22.86 0.16 9999.0 9999.0 2.956
Q1009-BX245 26.79 0.83 25.2 0.1 25.01 0.1 25.47 0.48 25.16 0.54 24.14 0.25 9999.0 9999.0 9999.0 9999.0 9999.0 9999.0 2.578
Q1009-BX248 24.56 0.13 24.23 0.1 24.31 0.1 23.54 0.1 23.6 0.15 24.04 0.36 9999.0 9999.0 9999.0 9999.0 9999.0 9999.0 1.738
Q1009-BX249 24.75 0.26 23.73 0.1 23.4 0.1 22.93 0.1 23.2 0.16 9999.0 9999.0 9999.0 9999.0 9999.0 9999.0 9999.0 9999.0 2.262
Q1009-BX250 25.43 0.42 24.82 0.1 24.49 0.1 23.35 0.1 22.67 0.1 22.29 0.1 9999.0 9999.0 9999.0 9999.0 9999.0 9999.0 2.423
Q1009-BX255 24.14 0.13 23.74 0.1 23.48 0.1 23.43 0.12 22.92 0.11 9999.0 9999.0 9999.0 9999.0 9999.0 9999.0 9999.0 9999.0 2.648
Q1009-BX26 24.79 0.14 24.49 0.1 24.73 0.1 24.22 0.16 24.2 0.24 9999.0 9999.0 9999.0 9999.0 9999.0 9999.0 9999.0 9999.0 2.47
Q1009-BX261 24.24 0.14 23.77 0.1 23.7 0.1 22.44 0.1 22.22 0.1 9999.0 9999.0 9999.0 9999.0 9999.0 9999.0 9999.0 9999.0 1.737
Q1009-BX269 24.66 0.15 24.06 0.1 24.01 0.1 23.14 0.1 23.18 0.1 22.53 0.1 9999.0 9999.0 9999.0 9999.0 9999.0 9999.0 2.2
Q1009-BX279 25.82 0.45 24.58 0.1 24.46 0.1 24.43 0.23 9999.0 9999.0 24.74 0.39 9999.0 9999.0 9999.0 9999.0 9999.0 9999.0 2.509
Q1009-BX28 25.6 0.25 25.28 0.1 25.57 0.1 24.64 0.17 25.32 0.49 9999.0 9999.0 9999.0 9999.0 9999.0 9999.0 9999.0 9999.0 1.888
Q1009-BX281 25.62 0.36 24.68 0.1 24.13 0.1 23.81 0.13 23.22 0.12 23.44 0.24 9999.0 9999.0 9999.0 9999.0 9999.0 9999.0 2.492
Q1009-BX286 24.08 0.12 24.0 0.1 24.04 0.1 23.72 0.14 9999.0 9999.0 23.3 0.31 9999.0 9999.0 9999.0 9999.0 9999.0 9999.0 1.893
Q1009-BX289 26.69 9999.0 25.87 0.1 25.39 0.11 26.66 9999.0 24.43 0.26 24.21 0.42 9999.0 9999.0 9999.0 9999.0 9999.0 9999.0 2.65
Q1009-BX291 24.84 0.22 23.81 0.1 23.7 0.1 22.79 0.1 22.35 0.1 21.86 0.1 9999.0 9999.0 9999.0 9999.0 9999.0 9999.0 1.867
Q1009-BX294 25.24 0.33 25.11 0.1 24.84 0.1 23.73 0.14 22.22 0.1 22.04 0.1 9999.0 9999.0 9999.0 9999.0 9999.0 9999.0 1.878
Q1009-BX296 25.46 0.42 23.99 0.1 23.74 0.1 23.16 0.1 22.76 0.1 23.32 0.33 9999.0 9999.0 9999.0 9999.0 9999.0 9999.0 2.652
Q1009-BX3 23.76 0.12 23.16 0.1 22.57 0.1 21.3 0.1 20.76 0.1 21.46 0.1 9999.0 9999.0 9999.0 9999.0 9999.0 9999.0 1.945
Q1009-BX302 24.83 0.18 24.41 0.1 24.34 0.1 23.14 0.1 23.19 0.11 23.39 0.26 9999.0 9999.0 9999.0 9999.0 9999.0 9999.0 1.653
Q1009-BX41 24.39 0.11 24.21 0.1 24.34 0.1 23.24 0.1 23.13 0.11 23.04 0.18 9999.0 9999.0 9999.0 9999.0 9999.0 9999.0 1.306
Q1009-BX46 24.92 0.21 24.21 0.1 24.08 0.1 23.62 0.12 23.64 0.18 9999.0 9999.0 9999.0 9999.0 9999.0 9999.0 9999.0 9999.0 2.271
Q1009-BX5 26.03 0.63 24.84 0.1 24.42 0.1 24.43 0.28 23.82 0.24 9999.0 9999.0 9999.0 9999.0 9999.0 9999.0 9999.0 9999.0 2.261
Q1009-BX57 26.99 0.65 26.03 0.11 25.84 0.18 24.85 0.15 24.48 0.16 21.97 0.1 9999.0 9999.0 9999.0 9999.0 9999.0 9999.0 2.102
Q1009-BX59 24.56 0.13 23.88 0.1 23.89 0.1 23.35 0.1 22.6 0.1 22.99 0.13 9999.0 9999.0 9999.0 9999.0 9999.0 9999.0 2.32
Q1009-BX61 25.91 0.44 25.19 0.1 24.86 0.1 24.86 0.31 23.88 0.19 9999.0 9999.0 9999.0 9999.0 9999.0 9999.0 9999.0 9999.0 2.116
Q1009-BX67 25.09 0.15 24.79 0.1 25.03 0.1 24.15 0.13 25.62 0.76 23.96 0.26 9999.0 9999.0 9999.0 9999.0 9999.0 9999.0 2.532
Q1009-BX68 24.43 0.22 24.03 0.1 23.98 0.1 25.02 0.34 23.26 0.12 23.18 0.18 9999.0 9999.0 9999.0 9999.0 9999.0 9999.0 2.569
Q1009-BX77 24.91 0.22 24.09 0.1 24.05 0.1 23.28 0.1 22.5 0.1 22.82 0.15 22.18 0.33 9999.0 9999.0 9999.0 9999.0 2.434
Q1009-BX78 26.99 1.02 25.55 0.1 25.26 0.11 26.29 0.86 23.64 0.11 24.33 0.3 9999.0 9999.0 9999.0 9999.0 9999.0 9999.0 2.566
Q1009-BX80 24.36 0.14 23.77 0.1 23.76 0.1 22.74 0.1 22.29 0.1 22.62 0.24 9999.0 9999.0 9999.0 9999.0 9999.0 9999.0 1.728
Q1009-BX85 24.54 0.18 24.22 0.1 24.08 0.1 23.66 0.14 23.61 0.2 23.78 0.31 9999.0 9999.0 9999.0 9999.0 9999.0 9999.0 2.005
Q1009-BX86 24.92 0.18 24.31 0.1 24.36 0.1 24.41 0.21 24.32 0.29 9999.0 9999.0 9999.0 9999.0 9999.0 9999.0 9999.0 9999.0 2.106
Q1009-BX87 23.42 0.1 23.27 0.1 23.19 0.1 21.9 0.1 21.39 0.1 21.09 0.1 9999.0 9999.0 9999.0 9999.0 9999.0 9999.0 1.756
Q1009-BX92 24.95 0.17 24.27 0.1 24.22 0.1 23.08 0.1 22.77 0.1 21.77 0.1 9999.0 9999.0 9999.0 9999.0 9999.0 9999.0 1.957
Q1009-BX93 24.75 0.17 24.51 0.1 24.45 0.1 24.34 0.21 23.69 0.16 23.87 0.22 9999.0 9999.0 9999.0 9999.0 9999.0 9999.0 2.045
Q1009-C10 27.06 9999.0 26.05 0.1 25.55 0.1 25.25 0.32 30.81 0.79 24.93 0.43 9999.0 9999.0 9999.0 9999.0 9999.0 9999.0 3.136
Q1009-C100 27.13 9999.0 25.72 0.1 25.43 0.11 25.78 0.52 9999.0 9999.0 9999.0 9999.0 9999.0 9999.0 9999.0 9999.0 9999.0 9999.0 2.908
Q1009-C16 27.21 9999.0 25.25 0.1 24.55 0.1 25.06 0.35 24.46 0.18 9999.0 9999.0 9999.0 9999.0 24.25 0.1 9999.0 9999.0 3.303
Q1009-C17 27.19 9999.0 25.41 0.1 24.9 0.1 25.06 0.32 25.61 0.19 9999.0 9999.0 9999.0 9999.0 9999.0 9999.0 9999.0 9999.0 3.132
Q1009-C18 28.09 9999.0 24.75 0.1 24.03 0.1 23.07 0.1 23.71 0.1 23.54 0.19 9999.0 9999.0 24.07 0.1 23.79 0.1 3.096
Q1009-C26 26.25 9999.0 24.33 0.1 23.96 0.1 24.63 0.32 23.71 0.19 23.08 0.19 9999.0 9999.0 23.95 0.1 23.69 0.1 3.065
Q1009-C27 26.58 9999.0 25.76 0.1 25.38 0.1 24.96 0.28 25.82 0.92 23.55 0.13 9999.0 9999.0 9999.0 9999.0 9999.0 9999.0 2.652
Q1009-C28 27.19 9999.0 24.76 0.1 24.63 0.1 24.54 0.2 23.72 0.13 23.58 0.14 9999.0 9999.0 24.53 0.1 24.24 0.11 3.04
Q1009-C29 27.35 9999.0 25.63 0.1 25.07 0.1 24.58 0.21 25.26 0.27 25.0 0.36 9999.0 9999.0 9999.0 9999.0 9999.0 9999.0 3.137
Q1009-C30 26.25 9999.0 25.18 0.1 24.44 0.1 23.98 0.16 24.09 0.27 24.14 0.13 9999.0 9999.0 9999.0 9999.0 9999.0 9999.0 2.504
Q1009-C31 27.36 9999.0 25.28 0.1 25.12 0.1 25.95 0.7 25.65 0.8 9999.0 9999.0 9999.0 9999.0 9999.0 9999.0 9999.0 9999.0 3.04
Q1009-C35 27.07 9999.0 25.32 0.1 24.58 0.1 24.86 0.35 23.25 0.1 22.39 0.13 9999.0 9999.0 9999.0 9999.0 9999.0 9999.0 3.064
Q1009-C36 26.59 9999.0 25.09 0.1 24.36 0.1 24.75 0.32 23.8 0.15 23.59 0.17 9999.0 9999.0 9999.0 9999.0 9999.0 9999.0 3.064
Q1009-C37 26.56 9999.0 25.15 0.1 24.88 0.1 24.14 0.16 24.21 0.25 9999.0 9999.0 9999.0 9999.0 9999.0 9999.0 9999.0 9999.0 2.959
Q1009-C39 26.45 0.84 24.65 0.1 24.42 0.1 24.51 0.23 23.38 0.12 23.61 0.42 9999.0 9999.0 9999.0 9999.0 9999.0 9999.0 3.139
Q1009-C41 26.44 9999.0 25.11 0.1 24.32 0.1 9999.0 9999.0 9999.0 9999.0 24.48 0.36 9999.0 9999.0 9999.0 9999.0 9999.0 9999.0 3.637
Q1009-C43 26.74 9999.0 25.54 0.1 24.76 0.1 24.31 0.2 23.56 0.15 23.13 0.1 9999.0 9999.0 9999.0 9999.0 9999.0 9999.0 3.031
Q1009-C46 28.26 9999.0 26.09 0.1 25.68 0.1 26.42 9999.0 9999.0 9999.0 9999.0 9999.0 9999.0 9999.0 9999.0 9999.0 9999.0 9999.0 3.064
Q1009-C49 27.07 9999.0 26.19 0.16 25.63 0.18 9999.0 9999.0 9999.0 9999.0 9999.0 9999.0 9999.0 9999.0 9999.0 9999.0 9999.0 9999.0 2.201
Q1009-C6 26.72 9999.0 25.02 0.1 24.78 0.1 25.86 0.74 24.77 0.4 9999.0 9999.0 9999.0 9999.0 9999.0 9999.0 9999.0 9999.0 2.953
Q1009-C62 27.18 9999.0 26.01 0.1 25.87 0.14 26.24 0.67 27.13 0.58 9999.0 9999.0 9999.0 9999.0 9999.0 9999.0 9999.0 9999.0 3.056
Q1009-C64 27.44 9999.0 26.71 0.19 26.01 0.19 25.68 0.47 25.44 0.57 9999.0 9999.0 9999.0 9999.0 9999.0 9999.0 9999.0 9999.0 3.037
Q1009-C7 27.01 9999.0 25.51 0.1 24.9 0.1 28.96 9999.0 23.24 0.1 22.83 0.11 9999.0 9999.0 9999.0 9999.0 9999.0 9999.0 2.778
Q1009-C70 27.17 9999.0 26.3 0.13 25.63 0.13 25.95 0.59 25.32 0.31 9999.0 9999.0 9999.0 9999.0 9999.0 9999.0 9999.0 9999.0 3.204
Q1009-C77 27.88 9999.0 25.79 0.1 25.86 0.17 25.19 0.28 24.8 0.29 9999.0 9999.0 9999.0 9999.0 9999.0 9999.0 9999.0 9999.0 3.154
Q1009-C8 26.86 9999.0 26.11 0.1 25.7 0.11 25.63 0.47 25.06 0.42 9999.0 9999.0 9999.0 9999.0 9999.0 9999.0 9999.0 9999.0 3.028
Q1009-C84 27.74 9999.0 26.7 0.15 25.89 0.13 25.91 0.38 25.06 0.17 23.17 0.21 9999.0 9999.0 9999.0 9999.0 9999.0 9999.0 3.234
Q1009-C87 27.15 9999.0 26.08 0.13 25.69 0.17 23.72 0.1 21.93 0.1 20.66 0.1 9999.0 9999.0 9999.0 9999.0 9999.0 9999.0 2.499
Q1009-C9 26.74 9999.0 24.34 0.1 23.97 0.1 9999.0 9999.0 24.13 0.16 9999.0 9999.0 9999.0 9999.0 9999.0 9999.0 9999.0 9999.0 3.211
Q1009-C9-CS4 25.73 0.38 25.11 0.1 24.43 0.1 23.98 0.14 23.62 0.15 23.92 0.21 9999.0 9999.0 9999.0 9999.0 9999.0 9999.0 2.266
Q1009-C92 27.52 9999.0 26.44 0.11 25.95 0.14 24.99 0.22 26.77 0.63 9999.0 9999.0 9999.0 9999.0 9999.0 9999.0 9999.0 9999.0 3.217
Q1009-C95 27.42 9999.0 26.16 0.1 25.96 0.14 25.51 0.35 24.82 0.28 9999.0 9999.0 9999.0 9999.0 9999.0 9999.0 9999.0 9999.0 2.957
Q1009-D11 25.72 0.59 22.24 0.1 21.85 0.1 21.42 0.1 21.41 0.1 21.1 0.1 9999.0 9999.0 21.99 0.1 21.66 0.1 3.249
Q1009-D12 26.35 9999.0 24.69 0.1 24.47 0.1 24.17 0.15 24.87 0.44 9999.0 9999.0 9999.0 9999.0 24.51 0.1 24.43 0.1 2.91
Q1009-D14 26.22 9999.0 25.32 0.1 24.54 0.1 24.9 0.37 29.89 9999.0 9999.0 9999.0 9999.0 9999.0 25.8 0.1 25.61 0.1 3.305
Q1009-D15 27.2 9999.0 25.82 0.1 25.6 0.11 25.01 0.29 24.33 0.23 9999.0 9999.0 9999.0 9999.0 26.07 0.13 25.33 0.1 3.102
Q1009-D16 26.74 9999.0 25.59 0.1 25.64 0.11 9999.0 9999.0 24.87 0.32 9999.0 9999.0 9999.0 9999.0 9999.0 9999.0 9999.0 9999.0 2.641
Q1009-D17 26.69 9999.0 24.38 0.1 23.94 0.1 23.35 0.1 23.08 0.1 22.51 0.1 9999.0 9999.0 9999.0 9999.0 9999.0 9999.0 3.219
Q1009-D18 26.6 9999.0 25.56 0.1 25.46 0.11 25.29 0.36 24.22 0.2 24.43 0.27 9999.0 9999.0 9999.0 9999.0 9999.0 9999.0 3.027
Q1009-D19 26.19 9999.0 23.78 0.1 23.36 0.1 25.69 0.78 9999.0 9999.0 9999.0 9999.0 9999.0 9999.0 9999.0 9999.0 9999.0 9999.0 2.396
Q1009-D20 26.81 9999.0 25.04 0.1 24.71 0.1 23.41 0.1 22.58 0.1 21.97 0.1 9999.0 9999.0 9999.0 9999.0 9999.0 9999.0 2.506
Q1009-D22 26.59 9999.0 25.76 0.1 25.29 0.1 23.97 0.1 22.96 0.1 22.21 0.1 9999.0 9999.0 9999.0 9999.0 9999.0 9999.0 2.427
Q1009-D25 26.93 9999.0 25.12 0.1 25.3 0.1 26.85 9999.0 9999.0 9999.0 9999.0 9999.0 9999.0 9999.0 9999.0 9999.0 9999.0 9999.0 2.957
Q1009-D27 26.2 9999.0 24.56 0.1 23.93 0.1 23.43 0.11 22.55 0.1 22.41 0.15 9999.0 9999.0 9999.0 9999.0 9999.0 9999.0 2.957
Q1009-D3 26.42 0.71 25.37 0.1 25.24 0.11 24.77 0.25 25.2 0.55 9999.0 9999.0 9999.0 9999.0 9999.0 9999.0 9999.0 9999.0 2.328
Q1009-D5 26.69 9999.0 24.88 0.1 24.51 0.1 23.99 0.15 23.48 0.14 9999.0 9999.0 9999.0 9999.0 9999.0 9999.0 9999.0 9999.0 2.778
Q1009-D6 26.61 9999.0 25.0 0.1 24.75 0.1 25.69 0.57 24.02 0.22 22.77 0.14 9999.0 9999.0 9999.0 9999.0 9999.0 9999.0 2.511
Q1009-M10 27.12 9999.0 26.58 0.13 25.89 0.13 24.65 0.18 23.26 0.1 22.51 0.1 9999.0 9999.0 9999.0 9999.0 9999.0 9999.0 2.509
Q1009-M11 26.94 9999.0 25.61 0.1 24.56 0.1 24.21 0.18 23.25 0.11 23.31 0.17 9999.0 9999.0 24.34 0.1 24.1 0.1 2.669
Q1009-M13 27.42 9999.0 25.63 0.1 24.85 0.1 24.76 0.27 24.26 0.25 9999.0 9999.0 9999.0 9999.0 9999.0 9999.0 9999.0 9999.0 3.218
Q1009-M14 27.52 9999.0 26.09 0.11 25.37 0.11 24.58 0.18 23.81 0.12 23.48 0.23 9999.0 9999.0 9999.0 9999.0 9999.0 9999.0 3.26
Q1009-M4 26.56 9999.0 25.87 0.14 24.95 0.11 25.18 0.42 24.38 0.3 9999.0 9999.0 9999.0 9999.0 9999.0 9999.0 9999.0 9999.0 3.502
Q1009-M9 27.02 9999.0 25.74 0.1 25.1 0.11 24.82 0.25 24.35 0.19 24.21 0.28 9999.0 9999.0 25.13 0.1 24.72 0.1 3.056
Q1009-MD12 26.06 0.7 24.3 0.1 23.84 0.1 24.46 0.31 24.92 0.7 24.1 0.32 9999.0 9999.0 9999.0 9999.0 9999.0 9999.0 2.775
Q1009-MD13 25.74 0.44 24.53 0.1 24.42 0.1 24.53 0.28 24.14 0.29 23.87 0.25 9999.0 9999.0 9999.0 9999.0 9999.0 9999.0 2.594
Q1009-MD15 25.56 0.32 24.69 0.1 24.8 0.1 24.17 0.15 24.46 0.29 23.88 0.17 9999.0 9999.0 9999.0 9999.0 9999.0 9999.0 2.511
Q1009-MD16 25.69 0.35 24.83 0.1 24.92 0.1 24.65 0.23 23.81 0.16 9999.0 9999.0 9999.0 9999.0 9999.0 9999.0 9999.0 9999.0 2.36
Q1009-MD17 26.64 0.89 25.27 0.1 24.63 0.1 24.95 0.34 23.91 0.2 23.98 0.36 9999.0 9999.0 9999.0 9999.0 9999.0 9999.0 3.248
Q1009-MD18 26.7 0.72 25.37 0.1 25.49 0.11 23.39 0.1 23.23 0.1 22.26 0.12 9999.0 9999.0 9999.0 9999.0 9999.0 9999.0 1.989
Q1009-MD21 26.65 9999.0 25.26 0.1 24.61 0.1 24.05 0.15 24.22 0.26 23.23 0.1 9999.0 9999.0 9999.0 9999.0 9999.0 9999.0 2.811
Q1009-MD22 25.98 0.5 24.63 0.1 24.3 0.1 22.45 0.1 21.66 0.1 20.93 0.1 9999.0 9999.0 9999.0 9999.0 9999.0 9999.0 1.865
Q1009-MD23 25.77 0.4 24.58 0.1 24.17 0.1 24.38 0.22 23.94 0.22 23.93 0.34 9999.0 9999.0 23.61 0.1 23.32 0.1 2.648
Q1009-MD24 26.47 0.76 25.03 0.1 24.75 0.1 23.92 0.13 23.77 0.16 23.33 0.22 9999.0 9999.0 24.35 0.1 23.92 0.1 2.652
Q1009-MD25 26.28 0.6 25.36 0.1 25.26 0.1 23.99 0.11 23.58 0.12 23.46 0.16 9999.0 9999.0 9999.0 9999.0 9999.0 9999.0 2.099
Q1009-MD28 22.75 0.1 22.29 0.1 20.06 0.1 21.29 0.1 21.01 0.1 20.5 0.14 9999.0 9999.0 21.78 0.1 9999.0 9999.0 2.655
Q1009-MD31 26.75 9999.0 25.84 0.11 24.83 0.1 24.5 0.21 23.63 0.14 9999.0 9999.0 9999.0 9999.0 9999.0 9999.0 9999.0 9999.0 3.244
Q1009-MD32 26.09 0.48 25.07 0.1 25.12 0.1 9999.0 9999.0 9999.0 9999.0 9999.0 9999.0 9999.0 9999.0 9999.0 9999.0 9999.0 9999.0 2.642
Q1009-MD36 25.95 0.52 24.78 0.1 24.41 0.1 23.55 0.1 22.33 0.1 21.87 0.1 9999.0 9999.0 9999.0 9999.0 9999.0 9999.0 2.505
Q1009-MD37 25.23 0.32 23.72 0.1 23.7 0.1 23.56 0.12 23.41 0.16 9999.0 9999.0 9999.0 9999.0 9999.0 9999.0 9999.0 9999.0 2.649
Q1009-MD38 25.89 0.53 24.16 0.1 23.81 0.1 23.11 0.1 23.19 0.11 22.65 0.1 9999.0 9999.0 9999.0 9999.0 9999.0 9999.0 2.65
Q1009-MD39 26.28 0.86 24.69 0.1 24.41 0.1 22.7 0.1 22.18 0.1 21.5 0.1 9999.0 9999.0 9999.0 9999.0 9999.0 9999.0 2.142
Q1009-MD40 26.3 0.54 25.38 0.1 25.57 0.13 25.36 0.4 24.16 0.2 23.6 0.27 9999.0 9999.0 9999.0 9999.0 9999.0 9999.0 2.508
Q1009-MD42 26.44 9999.0 24.88 0.1 24.19 0.1 23.53 0.11 23.62 0.19 9999.0 9999.0 9999.0 9999.0 9999.0 9999.0 9999.0 9999.0 2.548
Q1009-MD45 26.21 0.63 25.14 0.1 24.91 0.1 24.91 0.34 24.17 0.26 24.41 0.26 9999.0 9999.0 9999.0 9999.0 9999.0 9999.0 2.788
Q1009-MD46 27.04 1.03 24.73 0.1 24.17 0.1 23.8 0.13 23.18 0.11 22.4 0.19 9999.0 9999.0 9999.0 9999.0 9999.0 9999.0 2.576
Q1009-MD47 26.19 0.85 24.92 0.1 24.43 0.1 24.63 0.27 23.43 0.13 9999.0 9999.0 9999.0 9999.0 9999.0 9999.0 9999.0 9999.0 2.57
Q1009-MD48 25.24 0.31 24.07 0.1 23.9 0.1 23.44 0.11 22.41 0.1 21.58 0.1 9999.0 9999.0 9999.0 9999.0 9999.0 9999.0 3.031
Q1009-MD5 26.51 0.71 25.55 0.1 25.51 0.14 24.76 0.23 25.43 0.63 24.47 0.38 9999.0 9999.0 9999.0 9999.0 9999.0 9999.0 3.271
Q1009-MD50 25.45 0.26 24.71 0.1 25.34 0.1 25.58 0.48 24.37 0.24 9999.0 9999.0 9999.0 9999.0 9999.0 9999.0 9999.0 9999.0 2.097
Q1009-MD51 23.33 0.1 22.69 0.1 21.77 0.1 20.82 0.1 20.31 0.1 20.72 0.1 9999.0 9999.0 9999.0 9999.0 9999.0 9999.0 2.522
Q1009-MD7 25.67 0.39 24.67 0.1 24.82 0.1 9999.0 9999.0 24.29 0.26 9999.0 9999.0 9999.0 9999.0 9999.0 9999.0 9999.0 9999.0 2.81
Q1009-MD8 25.79 0.51 24.97 0.1 24.92 0.1 22.83 0.1 22.04 0.1 21.2 0.1 9999.0 9999.0 9999.0 9999.0 9999.0 9999.0 2.148
Q1009-MD9 24.43 0.22 24.03 0.1 23.98 0.1 24.85 0.34 23.26 0.12 23.18 0.15 9999.0 9999.0 9999.0 9999.0 9999.0 9999.0 2.57
Q1009-Q1009 18.0 0.1 17.36 0.1 18.38 0.1 16.19 0.1 16.28 0.1 15.66 0.0 9999.0 9999.0 15.96 0.1 15.89 0.1 2.642
Q1009-RK101 26.66 9999.0 26.24 0.12 25.54 0.12 22.92 0.1 22.01 0.1 20.69 0.1 9999.0 9999.0 22.6 0.1 22.15 0.1 1.556
Q1009-RK102 26.27 9999.0 25.69 0.11 25.01 0.11 23.2 0.1 22.07 0.1 21.15 0.1 9999.0 9999.0 9999.0 9999.0 9999.0 9999.0 2.304
Q1009-RK103 26.76 0.79 25.47 0.1 24.89 0.1 23.0 0.1 22.05 0.1 20.8 0.1 9999.0 9999.0 22.75 0.1 22.65 0.1 1.722
Q1009-RK104 25.86 0.63 25.17 0.1 24.53 0.1 22.52 0.1 21.37 0.1 20.21 0.1 9999.0 9999.0 9999.0 9999.0 9999.0 9999.0 2.25
Q1009-RK107 26.43 0.9 25.8 0.1 25.13 0.1 23.27 0.1 22.3 0.1 21.82 0.1 9999.0 9999.0 9999.0 9999.0 9999.0 9999.0 1.409
Q1009-RK109 26.03 9999.0 25.06 0.1 24.2 0.1 23.21 0.1 21.73 0.1 21.16 0.1 9999.0 9999.0 9999.0 9999.0 9999.0 9999.0 1.598
Q1009-RK113 26.27 9999.0 25.74 0.1 24.55 0.1 22.9 0.1 22.26 0.1 22.14 0.1 9999.0 9999.0 9999.0 9999.0 9999.0 9999.0 1.676
Q1009-RK114 23.54 0.1 22.84 0.1 22.06 0.1 20.58 0.1 19.95 0.1 19.12 0.1 9999.0 9999.0 9999.0 9999.0 9999.0 9999.0 1.471
