Object Un_lris Un_lris_err G_lris G_lris_err Rs_lris Rs_lris_err mosfire_J mosfire_J_err mosfire_H mosfire_H_err mosfire_Ks mosfire_Ks_err irac1 irac1_err irac2 irac2_err irac3 irac3_err f140w f140w_err f160w f160w_err Redshift
Q1623-BM209 26.02 0.3 25.33 0.19 25.24 0.2 24.49 0.1 24.39 0.1 25.31 0.32 24.11 0.41 23.84 0.36 9999.0 9999.0 9999.0 9999.0 23.91 0.1 1.565
Q1623-BX1000 25.58 0.31 24.29 0.1 24.01 0.09 25.16 0.18 23.19 0.1 9999.0 9999.0 9999.0 9999.0 9999.0 9999.0 9999.0 9999.0 9999.0 9999.0 9999.0 9999.0 2.485
Q1623-BX109 24.18 0.12 23.14 0.1 22.96 0.04 9999.0 9999.0 9999.0 9999.0 9999.0 9999.0 9999.0 9999.0 9999.0 9999.0 9999.0 9999.0 9999.0 9999.0 9999.0 9999.0 2.026
Q1623-BX113 25.95 0.39 24.94 0.15 24.63 0.14 9999.0 9999.0 9999.0 9999.0 9999.0 9999.0 9999.0 9999.0 9999.0 9999.0 9999.0 9999.0 9999.0 9999.0 9999.0 9999.0 2.112
Q1623-BX118 26.34 0.48 25.1 0.15 25.1 0.19 9999.0 9999.0 9999.0 9999.0 9999.0 9999.0 9999.0 9999.0 9999.0 9999.0 9999.0 9999.0 9999.0 9999.0 9999.0 9999.0 2.531
Q1623-BX124 27.71 0.82 25.76 0.36 25.24 0.18 9999.0 9999.0 9999.0 9999.0 9999.0 9999.0 9999.0 9999.0 9999.0 9999.0 9999.0 9999.0 9999.0 9999.0 9999.0 9999.0 2.362
Q1623-BX129 25.09 0.2 24.2 0.1 24.19 0.09 9999.0 9999.0 9999.0 9999.0 9999.0 9999.0 9999.0 9999.0 9999.0 9999.0 9999.0 9999.0 9999.0 9999.0 9999.0 9999.0 2.312
Q1623-BX138 24.63 0.15 23.72 0.1 23.43 0.06 9999.0 9999.0 9999.0 9999.0 9999.0 9999.0 21.54 0.1 9999.0 9999.0 21.86 0.22 9999.0 9999.0 9999.0 9999.0 2.36
Q1623-BX140 25.37 0.23 24.21 0.12 24.08 0.11 9999.0 9999.0 9999.0 9999.0 9999.0 9999.0 9999.0 9999.0 9999.0 9999.0 9999.0 9999.0 9999.0 9999.0 9999.0 9999.0 2.113
Q1623-BX144 25.15 0.2 24.24 0.1 24.15 0.1 9999.0 9999.0 9999.0 9999.0 9999.0 9999.0 9999.0 9999.0 9999.0 9999.0 9999.0 9999.0 9999.0 9999.0 9999.0 9999.0 2.067
Q1623-BX145 25.25 0.28 24.15 0.1 23.82 0.08 9999.0 9999.0 9999.0 9999.0 9999.0 9999.0 9999.0 9999.0 9999.0 9999.0 9999.0 9999.0 9999.0 9999.0 9999.0 9999.0 2.543
Q1623-BX146 26.62 0.68 24.76 0.17 24.28 0.12 9999.0 9999.0 9999.0 9999.0 9999.0 9999.0 9999.0 9999.0 9999.0 9999.0 9999.0 9999.0 9999.0 9999.0 9999.0 9999.0 2.576
Q1623-BX147 26.0 0.56 24.41 0.11 23.98 0.09 9999.0 9999.0 9999.0 9999.0 9999.0 9999.0 9999.0 9999.0 9999.0 9999.0 9999.0 9999.0 9999.0 9999.0 9999.0 9999.0 2.541
Q1623-BX151 26.25 0.4 25.09 0.16 24.92 0.16 9999.0 9999.0 9999.0 9999.0 9999.0 9999.0 9999.0 9999.0 9999.0 9999.0 9999.0 9999.0 9999.0 9999.0 9999.0 9999.0 2.439
Q1623-BX157 25.32 0.25 24.07 0.1 24.05 0.09 9999.0 9999.0 9999.0 9999.0 9999.0 9999.0 9999.0 9999.0 9999.0 9999.0 9999.0 9999.0 9999.0 9999.0 9999.0 9999.0 1.985
Q1623-BX160 25.48 0.32 24.23 0.1 23.96 0.08 9999.0 9999.0 9999.0 9999.0 9999.0 9999.0 9999.0 9999.0 9999.0 9999.0 9999.0 9999.0 9999.0 9999.0 9999.0 9999.0 2.137
Q1623-BX168 24.91 0.23 23.8 0.1 23.48 0.07 9999.0 9999.0 9999.0 9999.0 9999.0 9999.0 9999.0 9999.0 9999.0 9999.0 9999.0 9999.0 9999.0 9999.0 9999.0 9999.0 2.045
Q1623-BX179 25.9 0.45 24.31 0.12 23.98 0.1 9999.0 9999.0 9999.0 9999.0 9999.0 9999.0 23.59 0.33 9999.0 9999.0 9999.0 9999.0 9999.0 9999.0 9999.0 9999.0 2.505
Q1623-BX18 25.65 0.32 24.4 0.13 24.26 0.12 9999.0 9999.0 9999.0 9999.0 9999.0 9999.0 9999.0 9999.0 9999.0 9999.0 9999.0 9999.0 9999.0 9999.0 9999.0 9999.0 2.408
Q1623-BX181 25.72 0.28 24.72 0.15 24.42 0.13 9999.0 9999.0 9999.0 9999.0 9999.0 9999.0 9999.0 9999.0 21.84 0.12 9999.0 9999.0 9999.0 9999.0 9999.0 9999.0 1.982
Q1623-BX184 24.8 0.23 23.15 0.1 22.51 0.02 9999.0 9999.0 9999.0 9999.0 9999.0 9999.0 9999.0 9999.0 9999.0 9999.0 9999.0 9999.0 9999.0 9999.0 9999.0 9999.0 2.482
Q1623-BX186 25.42 9999.0 24.81 0.19 23.97 0.1 9999.0 9999.0 9999.0 9999.0 9999.0 9999.0 9999.0 9999.0 9999.0 9999.0 9999.0 9999.0 9999.0 9999.0 9999.0 9999.0 3.018
Q1623-BX196 25.82 0.38 24.4 0.12 24.04 0.1 9999.0 9999.0 9999.0 9999.0 9999.0 9999.0 9999.0 9999.0 9999.0 9999.0 9999.0 9999.0 9999.0 9999.0 9999.0 9999.0 1.908
Q1623-BX206 26.53 0.47 24.63 0.18 24.42 0.14 9999.0 9999.0 9999.0 9999.0 9999.0 9999.0 9999.0 9999.0 9999.0 9999.0 9999.0 9999.0 9999.0 9999.0 9999.0 9999.0 2.475
Q1623-BX214 -53.35 0.1 99.68 0.1 99.0 297.0 9999.0 9999.0 9999.0 9999.0 9999.0 9999.0 9999.0 9999.0 9999.0 9999.0 9999.0 9999.0 9999.0 9999.0 9999.0 9999.0 2.47
Q1623-BX215 25.76 9999.0 25.61 0.15 25.18 0.28 9999.0 9999.0 9999.0 9999.0 9999.0 9999.0 9999.0 9999.0 9999.0 9999.0 9999.0 9999.0 9999.0 9999.0 9999.0 9999.0 2.181
Q1623-BX22 24.28 0.13 23.66 0.1 23.61 0.08 9999.0 9999.0 9999.0 9999.0 9999.0 9999.0 9999.0 9999.0 9999.0 9999.0 9999.0 9999.0 9999.0 9999.0 9999.0 9999.0 1.985
Q1623-BX221 27.11 0.8 25.41 0.23 25.07 0.19 9999.0 9999.0 9999.0 9999.0 9999.0 9999.0 9999.0 9999.0 9999.0 9999.0 9999.0 9999.0 9999.0 9999.0 9999.0 9999.0 2.491
Q1623-BX230 26.36 0.49 24.66 0.12 24.5 0.11 9999.0 9999.0 9999.0 9999.0 9999.0 9999.0 23.9 0.36 9999.0 9999.0 9999.0 9999.0 9999.0 9999.0 9999.0 9999.0 2.133
Q1623-BX234 20.0 0.1 19.57 0.1 19.49 0.0 9999.0 9999.0 9999.0 9999.0 9999.0 9999.0 9999.0 9999.0 9999.0 9999.0 9999.0 9999.0 9999.0 9999.0 9999.0 9999.0 2.461
Q1623-BX235 24.38 0.11 23.99 0.1 24.01 0.08 9999.0 9999.0 9999.0 9999.0 9999.0 9999.0 22.96 0.14 22.94 0.17 9999.0 9999.0 9999.0 9999.0 9999.0 9999.0 1.688
Q1623-BX241 25.53 9999.0 25.07 0.19 24.74 0.18 9999.0 9999.0 9999.0 9999.0 9999.0 9999.0 9999.0 9999.0 9999.0 9999.0 9999.0 9999.0 9999.0 9999.0 9999.0 9999.0 2.942
Q1623-BX246 25.2 0.26 23.88 0.1 23.82 0.08 9999.0 9999.0 9999.0 9999.0 9999.0 9999.0 9999.0 9999.0 9999.0 9999.0 25.84 9999.0 9999.0 9999.0 9999.0 9999.0 2.733
Q1623-BX248 26.07 0.59 24.21 0.12 23.87 0.1 9999.0 9999.0 9999.0 9999.0 9999.0 9999.0 9999.0 9999.0 9999.0 9999.0 9999.0 9999.0 9999.0 9999.0 9999.0 9999.0 2.547
Q1623-BX252 26.3 0.38 25.14 0.2 24.98 0.18 9999.0 9999.0 9999.0 9999.0 9999.0 9999.0 22.43 0.14 22.15 0.1 9999.0 9999.0 9999.0 9999.0 9999.0 9999.0 2.337
Q1623-BX256 25.13 0.22 24.07 0.1 23.84 0.08 9999.0 9999.0 9999.0 9999.0 9999.0 9999.0 9999.0 9999.0 9999.0 9999.0 9999.0 9999.0 9999.0 9999.0 9999.0 9999.0 2.363
Q1623-BX258 26.13 0.49 24.38 0.13 24.33 0.14 9999.0 9999.0 9999.0 9999.0 9999.0 9999.0 9999.0 9999.0 9999.0 9999.0 9999.0 9999.0 9999.0 9999.0 9999.0 9999.0 2.402
Q1623-BX264 26.66 0.77 24.81 0.16 24.3 0.11 9999.0 9999.0 9999.0 9999.0 9999.0 9999.0 23.53 0.11 23.73 0.31 9999.0 9999.0 9999.0 9999.0 9999.0 9999.0 2.626
Q1623-BX266 25.62 0.33 23.97 0.11 23.69 0.1 9999.0 9999.0 9999.0 9999.0 9999.0 9999.0 9999.0 9999.0 9999.0 9999.0 9999.0 9999.0 9999.0 9999.0 9999.0 9999.0 2.436
Q1623-BX274 24.57 0.16 23.47 0.1 23.22 0.05 9999.0 9999.0 9999.0 9999.0 9999.0 9999.0 21.92 0.1 21.83 0.1 21.61 0.22 9999.0 9999.0 9999.0 9999.0 2.41
Q1623-BX281 25.84 0.43 24.33 0.11 24.11 0.1 9999.0 9999.0 9999.0 9999.0 9999.0 9999.0 9999.0 9999.0 9999.0 9999.0 9999.0 9999.0 9999.0 9999.0 9999.0 9999.0 2.058
Q1623-BX29 21.14 0.1 20.64 0.1 20.46 0.01 9999.0 9999.0 9999.0 9999.0 9999.0 9999.0 9999.0 9999.0 9999.0 9999.0 9999.0 9999.0 9999.0 9999.0 9999.0 9999.0 2.424
Q1623-BX292 26.61 0.57 25.0 0.18 24.72 0.15 25.99 0.37 9999.0 9999.0 9999.0 9999.0 9999.0 9999.0 9999.0 9999.0 9999.0 9999.0 9999.0 9999.0 9999.0 9999.0 2.427
Q1623-BX293 25.66 0.39 24.24 0.1 23.79 0.07 22.84 0.1 22.24 0.1 21.46 0.1 21.05 0.1 20.85 0.1 20.41 0.1 9999.0 9999.0 9999.0 9999.0 2.409
Q1623-BX307 25.03 0.28 23.6 0.1 23.26 0.06 23.12 0.1 23.05 0.1 9999.0 9999.0 9999.0 9999.0 9999.0 9999.0 9999.0 9999.0 9999.0 9999.0 9999.0 9999.0 2.497
Q1623-BX319 26.32 0.45 24.83 0.15 24.51 0.12 24.64 0.1 24.11 0.1 22.94 0.1 22.98 0.1 23.26 0.17 9999.0 9999.0 9999.0 9999.0 9999.0 9999.0 2.629
Q1623-BX320 25.24 0.28 23.87 0.1 23.55 0.07 22.63 0.1 22.21 0.1 9999.0 9999.0 9999.0 9999.0 9999.0 9999.0 9999.0 9999.0 9999.0 9999.0 9999.0 9999.0 2.016
Q1623-BX322 26.75 0.72 24.63 0.13 24.36 0.11 9999.0 9999.0 9999.0 9999.0 25.03 0.32 9999.0 9999.0 9999.0 9999.0 9999.0 9999.0 9999.0 9999.0 9999.0 9999.0 2.81
Q1623-BX323 25.8 0.28 24.92 0.14 24.79 0.14 23.87 0.1 23.58 0.1 23.53 0.1 22.92 0.2 22.8 0.1 9999.0 9999.0 9999.0 9999.0 9999.0 9999.0 2.132
Q1623-BX324 25.45 0.26 24.46 0.11 24.42 0.13 23.76 0.1 23.28 0.1 22.75 0.1 9999.0 9999.0 9999.0 9999.0 9999.0 9999.0 9999.0 9999.0 9999.0 9999.0 2.542
Q1623-BX325 25.53 0.25 24.59 0.13 24.54 0.14 24.14 0.1 23.77 0.1 23.54 0.1 24.16 0.44 24.18 0.23 9999.0 9999.0 9999.0 9999.0 9999.0 9999.0 2.424
Q1623-BX332 25.55 0.36 24.13 0.1 23.83 0.08 22.79 0.1 22.54 0.1 22.1 0.1 9999.0 9999.0 9999.0 9999.0 9999.0 9999.0 9999.0 9999.0 9999.0 9999.0 2.321
Q1623-BX334 25.63 9999.0 25.62 0.25 25.08 0.17 24.3 0.1 23.49 0.1 23.28 0.1 9999.0 9999.0 9999.0 9999.0 9999.0 9999.0 9999.0 9999.0 9999.0 9999.0 2.447
Q1623-BX335 27.08 0.61 25.53 0.26 25.41 0.24 24.68 0.1 24.33 0.1 24.28 0.14 9999.0 9999.0 9999.0 9999.0 9999.0 9999.0 9999.0 9999.0 9999.0 9999.0 2.177
Q1623-BX336 26.63 0.49 25.12 0.22 24.81 0.16 23.65 0.1 23.78 0.1 23.27 0.1 22.96 0.22 9999.0 9999.0 9999.0 9999.0 9999.0 9999.0 9999.0 9999.0 2.137
Q1623-BX338 25.22 0.24 24.19 0.1 23.93 0.09 23.13 0.1 23.1 0.1 22.68 0.1 23.03 0.1 22.97 0.1 9999.0 9999.0 9999.0 9999.0 23.1 0.1 2.138
Q1623-BX340 26.85 0.93 24.71 0.15 24.11 0.1 23.56 0.1 22.97 0.1 22.84 0.1 22.68 0.1 22.72 0.1 9999.0 9999.0 23.4 0.1 23.13 0.1 2.615
Q1623-BX342 25.48 9999.0 25.69 0.34 25.08 0.19 23.9 0.1 22.7 0.1 21.54 0.1 20.53 0.1 20.17 0.1 19.6 0.1 9999.0 9999.0 9999.0 9999.0 2.625
Q1623-BX344 26.79 0.81 25.0 0.16 24.61 0.13 23.51 0.1 22.88 0.1 25.95 0.65 21.59 0.1 21.38 0.1 21.4 0.19 9999.0 9999.0 9999.0 9999.0 2.422
Q1623-BX354 25.44 9999.0 25.59 0.28 25.17 0.19 25.24 0.16 25.05 0.19 25.97 0.68 9999.0 9999.0 9999.0 9999.0 9999.0 9999.0 9999.0 9999.0 9999.0 9999.0 2.618
Q1623-BX355 25.3 0.21 24.6 0.11 24.56 0.13 23.88 0.1 9999.0 9999.0 23.89 0.1 23.46 0.23 23.27 0.11 9999.0 9999.0 23.61 0.1 23.84 0.1 2.073
Q1623-BX356 25.65 0.29 24.36 0.1 24.39 0.11 23.47 0.1 23.44 0.1 23.1 0.1 9999.0 9999.0 9999.0 9999.0 9999.0 9999.0 9999.0 9999.0 9999.0 9999.0 2.114
Q1623-BX359 25.75 0.36 24.76 0.14 24.52 0.13 24.18 0.1 23.43 0.1 23.43 0.1 23.34 0.28 9999.0 9999.0 9999.0 9999.0 9999.0 9999.0 9999.0 9999.0 2.153
Q1623-BX360 26.34 0.59 24.69 0.15 24.24 0.11 23.22 0.1 23.31 0.1 9999.0 9999.0 9999.0 9999.0 9999.0 9999.0 9999.0 9999.0 9999.0 9999.0 9999.0 9999.0 2.639
Q1623-BX361 25.75 0.35 24.25 0.1 24.09 0.09 23.5 0.1 23.31 0.1 23.59 0.1 9999.0 9999.0 9999.0 9999.0 9999.0 9999.0 9999.0 9999.0 9999.0 9999.0 2.113
Q1623-BX362 24.87 0.19 23.81 0.1 23.58 0.08 22.85 0.1 22.8 0.1 9999.0 9999.0 9999.0 9999.0 9999.0 9999.0 9999.0 9999.0 9999.0 9999.0 9999.0 9999.0 2.054
Q1623-BX363 25.84 9999.0 25.89 0.29 25.38 0.25 24.42 0.1 9999.0 9999.0 23.85 0.1 9999.0 9999.0 9999.0 9999.0 9999.0 9999.0 24.53 0.1 24.33 0.1 2.62
Q1623-BX364 26.02 0.51 24.28 0.11 23.82 0.08 23.4 0.1 23.24 0.1 23.24 0.1 23.04 0.1 22.84 0.1 9999.0 9999.0 9999.0 9999.0 23.5 13.04 2.626
Q1623-BX365 26.69 0.79 24.78 0.14 24.36 0.11 24.02 0.1 23.49 0.1 24.13 0.13 22.75 0.1 22.73 0.1 9999.0 9999.0 9999.0 9999.0 23.56 0.1 2.636
Q1623-BX366 26.45 0.6 24.44 0.12 24.1 0.09 23.26 0.1 22.96 0.1 22.11 0.1 22.29 0.1 22.31 0.1 22.01 0.23 9999.0 9999.0 22.97 0.1 2.421
Q1623-BX367 24.93 0.18 24.08 0.1 23.86 0.07 23.49 0.1 23.12 0.1 9999.0 9999.0 9999.0 9999.0 9999.0 9999.0 9999.0 9999.0 9999.0 9999.0 9999.0 9999.0 2.642
Q1623-BX368 25.56 9999.0 25.45 0.25 25.06 0.19 24.43 0.1 24.76 0.14 23.51 0.1 9999.0 9999.0 9999.0 9999.0 9999.0 9999.0 9999.0 9999.0 24.31 0.1 2.013
Q1623-BX370 25.99 0.47 24.2 0.11 24.02 0.11 23.0 0.1 22.92 0.1 22.46 0.1 9999.0 9999.0 9999.0 9999.0 9999.0 9999.0 9999.0 9999.0 9999.0 9999.0 2.116
Q1623-BX371 27.18 0.72 25.72 0.26 25.51 0.23 24.63 0.1 23.67 0.1 9999.0 9999.0 9999.0 9999.0 23.94 0.38 9999.0 9999.0 9999.0 9999.0 9999.0 9999.0 2.471
Q1623-BX372 25.71 0.26 24.6 0.13 24.45 0.12 23.46 0.1 23.67 0.1 23.38 0.1 23.32 0.15 22.98 0.15 9999.0 9999.0 23.8 0.1 23.52 0.1 1.983
Q1623-BX373 25.63 0.4 24.07 0.1 23.66 0.07 23.18 0.1 22.6 0.1 9999.0 9999.0 9999.0 9999.0 9999.0 9999.0 9999.0 9999.0 9999.0 9999.0 9999.0 9999.0 2.524
Q1623-BX376 24.93 0.19 23.83 0.1 23.59 0.06 23.27 0.1 23.02 0.1 22.46 0.1 22.55 0.11 22.21 0.1 22.28 0.26 23.12 0.1 22.96 0.1 2.409
Q1623-BX378 26.38 0.38 25.51 0.2 25.41 0.21 24.97 0.1 23.99 0.1 24.11 0.1 23.52 0.17 23.73 0.16 9999.0 9999.0 9999.0 9999.0 23.81 0.1 1.439
Q1623-BX379 26.17 9999.0 26.15 0.41 25.6 0.21 24.8 0.1 24.99 0.11 9999.0 9999.0 9999.0 9999.0 9999.0 9999.0 9999.0 9999.0 9999.0 9999.0 9999.0 9999.0 2.55
Q1623-BX381 26.55 0.53 25.12 0.21 24.68 0.14 23.74 0.1 23.65 0.1 23.16 0.1 24.34 0.33 24.31 0.43 9999.0 9999.0 9999.0 9999.0 9999.0 9999.0 2.469
Q1623-BX384 25.73 0.46 24.16 0.1 23.53 0.06 23.04 0.1 22.82 0.1 23.61 0.11 9999.0 9999.0 9999.0 9999.0 9999.0 9999.0 9999.0 9999.0 9999.0 9999.0 2.303
Q1623-BX385 24.72 0.15 24.15 0.1 24.04 0.09 23.23 0.1 23.26 0.1 22.97 0.1 22.55 0.1 22.39 0.1 21.96 0.2 23.08 0.1 23.39 0.1 1.883
Q1623-BX390 27.35 0.91 25.48 0.23 25.18 0.19 24.87 0.1 24.49 0.1 23.75 0.1 24.91 0.25 9999.0 9999.0 9999.0 9999.0 9999.0 9999.0 9999.0 9999.0 2.469
Q1623-BX392 23.99 0.1 23.27 0.1 23.17 0.04 22.63 0.1 22.88 0.1 22.3 0.1 22.41 0.1 22.27 0.1 9999.0 9999.0 22.57 0.1 22.9 0.1 1.88
Q1623-BX394 25.66 9999.0 25.36 0.23 24.81 0.14 24.09 0.1 23.16 0.1 22.48 0.1 22.25 0.1 22.18 0.13 21.61 0.19 9999.0 9999.0 23.07 0.1 2.625
Q1623-BX397 26.59 0.7 24.73 0.17 24.23 0.12 24.03 0.1 23.77 0.1 23.23 0.1 23.2 0.12 23.05 0.12 9999.0 9999.0 9999.0 9999.0 9999.0 9999.0 2.627
Q1623-BX398 25.34 0.24 24.12 0.1 23.91 0.08 23.73 0.1 23.5 0.1 9999.0 9999.0 9999.0 9999.0 9999.0 9999.0 9999.0 9999.0 9999.0 9999.0 9999.0 9999.0 2.49
Q1623-BX399 25.78 9999.0 25.69 0.31 25.35 0.22 25.0 0.13 24.24 0.1 9999.0 9999.0 9999.0 9999.0 9999.0 9999.0 9999.0 9999.0 9999.0 9999.0 9999.0 9999.0 1.929
Q1623-BX400 27.02 0.68 25.14 0.19 25.03 0.17 24.35 0.1 25.84 0.36 9999.0 9999.0 9999.0 9999.0 9999.0 9999.0 9999.0 9999.0 9999.0 9999.0 9999.0 9999.0 2.156
Q1623-BX401 25.37 0.3 24.27 0.13 23.72 0.09 23.17 0.1 23.31 0.1 22.76 0.1 23.28 0.11 23.17 0.13 9999.0 9999.0 9999.0 9999.0 24.02 0.1 2.521
Q1623-BX402 24.03 0.1 23.54 0.1 23.48 0.06 22.97 0.1 22.9 0.1 23.12 0.1 23.13 0.15 23.12 0.13 9999.0 9999.0 9999.0 9999.0 23.05 0.1 1.761
Q1623-BX406 26.78 0.85 25.53 0.19 25.29 0.22 24.92 0.1 24.28 0.1 9999.0 9999.0 23.03 0.21 22.87 0.26 9999.0 9999.0 9999.0 9999.0 9999.0 9999.0 2.323
Q1623-BX408 25.95 0.31 24.97 0.16 24.61 0.12 23.42 0.1 23.6 0.1 22.71 0.1 22.49 0.1 22.53 0.1 9999.0 9999.0 9999.0 9999.0 23.1 0.1 1.413
Q1623-BX410 25.59 9999.0 25.63 0.3 25.05 0.17 23.93 0.1 23.17 0.1 22.9 0.1 22.42 0.1 22.09 0.1 22.14 0.23 23.36 0.1 23.1 0.1 2.539
Q1623-BX412 25.1 0.19 24.37 0.11 24.25 0.11 23.21 0.1 23.38 0.1 23.09 0.1 22.75 0.1 22.81 0.1 22.57 0.29 9999.0 9999.0 23.29 0.1 1.59
Q1623-BX422 26.41 0.34 25.36 0.19 25.25 0.18 24.83 0.1 24.76 0.11 25.18 0.28 9999.0 9999.0 9999.0 9999.0 9999.0 9999.0 9999.0 9999.0 24.29 0.1 1.312
Q1623-BX423 26.49 0.59 25.18 0.19 24.83 0.18 24.16 0.1 24.29 0.1 9999.0 9999.0 9999.0 9999.0 9999.0 9999.0 9999.0 9999.0 9999.0 9999.0 9999.0 9999.0 2.936
Q1623-BX427 27.07 0.94 24.66 0.15 24.24 0.1 23.56 0.1 23.57 0.1 9999.0 9999.0 9999.0 9999.0 9999.0 9999.0 9999.0 9999.0 9999.0 9999.0 9999.0 9999.0 2.744
Q1623-BX428 25.37 0.25 24.1 0.1 23.79 0.08 22.68 0.1 23.19 0.1 22.24 0.1 22.17 0.1 21.93 0.1 22.18 0.31 22.86 0.1 22.66 0.1 2.054
Q1623-BX429 24.78 0.15 23.84 0.1 23.73 0.07 23.17 0.1 23.46 0.1 22.65 0.1 22.67 0.17 22.55 0.1 9999.0 9999.0 9999.0 9999.0 22.91 0.1 2.016
Q1623-BX431 26.35 0.52 25.16 0.17 25.0 0.18 24.53 0.1 24.86 0.12 9999.0 9999.0 9999.0 9999.0 9999.0 9999.0 9999.0 9999.0 24.69 0.1 24.31 0.1 2.113
Q1623-BX432 25.67 0.29 24.76 0.13 24.6 0.13 24.95 0.1 23.94 0.1 24.11 0.1 9999.0 9999.0 9999.0 9999.0 9999.0 9999.0 23.92 0.1 24.01 0.1 2.182
Q1623-BX433 25.93 0.37 24.79 0.11 24.6 0.12 24.77 0.1 9999.0 9999.0 24.42 0.13 9999.0 9999.0 9999.0 9999.0 9999.0 9999.0 9999.0 9999.0 9999.0 9999.0 2.615
Q1623-BX434 26.19 0.51 24.78 0.16 24.42 0.13 23.94 0.1 23.58 0.1 22.82 0.1 9999.0 9999.0 9999.0 9999.0 9999.0 9999.0 9999.0 9999.0 9999.0 9999.0 2.172
Q1623-BX435 25.43 9999.0 25.27 0.24 24.98 0.19 26.31 0.43 26.57 0.26 26.44 0.44 9999.0 9999.0 9999.0 9999.0 9999.0 9999.0 25.72 0.1 25.42 0.1 2.476
Q1623-BX436 26.29 0.5 25.48 0.12 25.49 0.2 9999.0 9999.0 24.89 0.19 9999.0 9999.0 9999.0 9999.0 9999.0 9999.0 9999.0 9999.0 24.5 0.1 24.57 0.1 2.052
Q1623-BX438 26.69 0.49 25.21 0.18 25.18 0.18 25.15 0.13 9999.0 9999.0 24.92 0.23 9999.0 9999.0 9999.0 9999.0 9999.0 9999.0 9999.0 9999.0 25.0 0.1 2.639
Q1623-BX439 24.97 0.19 24.02 0.1 23.91 0.08 23.48 0.1 23.73 0.1 9999.0 9999.0 9999.0 9999.0 9999.0 9999.0 9999.0 9999.0 9999.0 9999.0 9999.0 9999.0 2.171
Q1623-BX440 25.56 0.31 24.48 0.1 24.24 0.1 23.97 0.1 25.19 0.26 24.21 0.13 23.66 0.15 23.73 0.24 9999.0 9999.0 23.86 0.1 23.76 0.1 2.645
Q1623-BX445 24.95 0.19 24.16 0.1 23.83 0.08 22.86 0.1 22.54 0.1 22.76 0.1 21.95 0.12 21.72 0.1 21.97 0.19 9999.0 9999.0 22.57 0.1 1.643
Q1623-BX446 26.4 0.53 25.32 0.18 25.08 0.19 24.16 0.1 24.06 0.1 24.12 0.1 9999.0 9999.0 9999.0 9999.0 9999.0 9999.0 9999.0 9999.0 9999.0 9999.0 2.173
Q1623-BX447 26.27 0.53 24.92 0.13 24.74 0.14 23.61 0.1 23.23 0.1 22.82 0.1 22.05 0.12 21.82 0.1 21.63 0.16 22.89 0.1 22.77 0.1 2.15
Q1623-BX449 25.88 0.34 24.97 0.16 24.71 0.15 24.33 0.1 23.52 0.1 23.38 0.1 9999.0 9999.0 23.76 0.35 9999.0 9999.0 24.16 0.1 23.87 0.1 2.418
Q1623-BX450 25.85 0.33 24.6 0.13 24.27 0.1 23.55 0.1 23.64 0.1 22.63 0.1 22.99 0.23 22.62 0.15 9999.0 9999.0 9999.0 9999.0 23.14 0.1 2.418
Q1623-BX451 26.47 0.56 25.27 0.17 25.06 0.18 25.94 0.26 24.97 0.17 9999.0 9999.0 9999.0 9999.0 9999.0 9999.0 9999.0 9999.0 9999.0 9999.0 9999.0 9999.0 2.619
Q1623-BX452 26.23 0.42 24.85 0.13 24.75 0.13 23.57 0.1 23.4 0.1 22.73 0.1 22.33 0.15 22.12 0.12 21.87 0.22 9999.0 9999.0 22.95 0.1 2.059
Q1623-BX453 25.11 0.24 23.92 0.1 23.4 0.05 22.45 0.1 22.23 0.1 21.81 0.1 21.31 0.1 21.03 0.1 21.29 0.16 9999.0 9999.0 22.31 0.1 2.182
Q1623-BX454 24.89 0.18 24.29 0.1 24.09 0.09 24.79 0.12 23.26 0.1 23.41 0.1 22.87 0.16 22.64 0.12 9999.0 9999.0 9999.0 9999.0 23.5 0.1 2.418
Q1623-BX455 26.2 0.44 25.09 0.16 24.69 0.13 24.17 0.1 23.91 0.1 23.12 0.1 22.45 0.15 21.82 0.1 9999.0 9999.0 23.58 0.1 23.39 0.1 2.408
Q1623-BX456 25.99 0.42 24.69 0.14 24.45 0.13 23.74 0.1 23.54 0.1 23.27 0.1 9999.0 9999.0 9999.0 9999.0 9999.0 9999.0 9999.0 9999.0 9999.0 9999.0 2.314
Q1623-BX457 26.45 0.68 24.41 0.12 24.12 0.1 23.06 0.1 22.97 0.1 22.29 0.1 21.36 0.1 21.73 0.13 9999.0 9999.0 9999.0 9999.0 22.67 0.1 2.455
Q1623-BX458 25.01 0.23 23.98 0.1 23.68 0.07 23.05 0.1 22.58 0.1 22.66 0.1 22.78 0.13 23.03 0.11 22.1 0.28 22.86 0.1 22.73 0.1 2.419
Q1623-BX460 25.93 0.33 24.84 0.14 24.83 0.17 24.08 0.1 24.16 0.1 9999.0 9999.0 24.41 0.21 24.27 0.3 22.63 0.29 9999.0 9999.0 9999.0 9999.0 2.137
Q1623-BX462 25.34 0.25 24.07 0.1 24.04 0.08 24.22 0.1 24.12 0.1 9999.0 9999.0 23.86 0.1 23.34 0.11 25.43 9999.0 9999.0 9999.0 24.06 0.1 2.65
Q1623-BX464 26.31 0.6 24.61 0.12 24.24 0.1 24.07 0.1 24.03 0.1 24.4 0.17 9999.0 9999.0 9999.0 9999.0 9999.0 9999.0 9999.0 9999.0 9999.0 9999.0 2.744
Q1623-BX465 26.34 0.54 25.45 0.2 25.24 0.22 25.61 0.19 25.84 0.39 9999.0 9999.0 24.55 0.18 24.96 0.37 9999.0 9999.0 9999.0 9999.0 9999.0 9999.0 2.616
Q1623-BX469 25.78 0.35 24.68 0.14 24.3 0.11 23.64 0.1 23.35 0.1 9999.0 9999.0 23.36 0.1 23.44 0.27 9999.0 9999.0 9999.0 9999.0 9999.0 9999.0 2.55
Q1623-BX470 24.07 0.12 23.09 0.1 22.87 0.04 22.57 0.1 22.03 0.1 9999.0 9999.0 21.77 0.1 21.53 0.1 21.35 0.1 9999.0 9999.0 9999.0 9999.0 2.184
Q1623-BX472 26.04 0.44 24.66 0.13 24.4 0.12 23.45 0.1 23.03 0.1 22.84 0.1 22.53 0.16 22.2 0.12 22.07 0.16 23.21 0.1 23.08 0.1 2.115
Q1623-BX473 25.73 9999.0 25.53 0.22 24.91 0.15 25.12 0.12 24.5 0.11 9999.0 9999.0 9999.0 9999.0 9999.0 9999.0 9999.0 9999.0 9999.0 9999.0 9999.0 9999.0 3.335
Q1623-BX477 25.74 0.3 24.66 0.11 24.52 0.11 23.33 0.1 23.11 0.1 22.81 0.1 22.75 0.12 22.46 0.11 9999.0 9999.0 9999.0 9999.0 9999.0 9999.0 1.872
Q1623-BX484 25.72 0.25 24.9 0.13 25.08 0.17 24.67 0.1 25.26 0.21 24.39 0.13 9999.0 9999.0 9999.0 9999.0 9999.0 9999.0 9999.0 9999.0 24.09 0.1 2.145
Q1623-BX485 25.95 0.31 24.87 0.16 24.82 0.16 23.92 0.1 23.61 0.1 23.83 0.1 23.66 0.1 23.27 0.18 9999.0 9999.0 9999.0 9999.0 23.96 0.1 2.415
Q1623-BX489 26.85 0.64 25.6 0.29 25.14 0.2 24.49 0.1 25.19 0.2 9999.0 9999.0 24.85 0.3 25.73 9999.0 9999.0 9999.0 9999.0 9999.0 9999.0 9999.0 2.328
Q1623-BX490 26.47 0.45 25.01 0.23 24.57 0.16 24.46 0.11 24.5 0.13 9999.0 9999.0 23.16 0.1 23.04 0.14 9999.0 9999.0 9999.0 9999.0 9999.0 9999.0 1.557
Q1623-BX491 24.79 0.16 24.13 0.1 24.01 0.09 23.17 0.1 23.12 0.1 25.27 0.41 23.06 0.23 22.53 0.15 22.33 0.28 9999.0 9999.0 9999.0 9999.0 1.646
Q1623-BX493 25.78 0.52 23.77 0.1 23.28 0.07 22.59 0.1 22.09 0.1 21.75 0.1 21.81 0.1 21.64 0.1 21.22 0.13 9999.0 9999.0 9999.0 9999.0 2.618
Q1623-BX496 27.06 0.94 25.39 0.2 24.96 0.17 24.0 0.1 23.77 0.1 9999.0 9999.0 9999.0 9999.0 9999.0 9999.0 9999.0 9999.0 9999.0 9999.0 9999.0 9999.0 2.389
Q1623-BX497 25.38 0.27 24.1 0.11 23.91 0.1 22.71 0.1 22.56 0.1 21.92 0.1 22.09 0.1 22.21 0.1 21.83 0.17 9999.0 9999.0 22.47 0.1 1.936
Q1623-BX50 24.98 0.19 24.09 0.1 23.91 0.08 9999.0 9999.0 9999.0 9999.0 9999.0 9999.0 9999.0 9999.0 9999.0 9999.0 9999.0 9999.0 9999.0 9999.0 9999.0 9999.0 2.463
Q1623-BX502 24.13 0.19 22.7 0.1 22.14 0.05 21.87 0.1 22.34 0.1 22.12 0.1 9999.0 9999.0 22.86 0.19 9999.0 9999.0 9999.0 9999.0 25.18 0.1 2.156
Q1623-BX506 26.91 0.65 25.63 0.24 25.42 0.24 25.13 0.12 26.05 0.3 24.18 0.1 9999.0 9999.0 9999.0 9999.0 9999.0 9999.0 9999.0 9999.0 24.37 0.1 2.291
Q1623-BX509 27.02 0.81 25.44 0.23 25.26 0.24 24.48 0.1 26.29 0.57 9999.0 9999.0 9999.0 9999.0 9999.0 9999.0 9999.0 9999.0 9999.0 9999.0 22.6 0.13 2.623
Q1623-BX51 25.57 0.31 24.86 0.13 24.71 0.16 9999.0 9999.0 9999.0 9999.0 9999.0 9999.0 9999.0 9999.0 9999.0 9999.0 9999.0 9999.0 9999.0 9999.0 9999.0 9999.0 1.987
Q1623-BX511 25.95 9999.0 25.74 0.31 25.3 0.24 25.29 0.12 24.84 0.13 23.4 0.1 9999.0 9999.0 9999.0 9999.0 9999.0 9999.0 9999.0 9999.0 23.79 0.1 2.242
Q1623-BX512 27.28 0.86 25.75 0.28 25.25 0.19 24.7 0.1 24.02 0.1 24.26 0.12 9999.0 9999.0 9999.0 9999.0 9999.0 9999.0 9999.0 9999.0 9999.0 9999.0 2.378
Q1623-BX513 24.68 0.19 23.76 0.1 23.42 0.07 22.69 0.1 22.49 0.1 22.11 0.1 22.07 0.13 21.94 0.1 22.06 0.21 9999.0 9999.0 9999.0 9999.0 2.248
Q1623-BX516 25.45 0.26 24.32 0.1 24.02 0.08 23.66 0.1 23.08 0.1 22.6 0.1 23.09 0.24 22.88 0.1 9999.0 9999.0 9999.0 9999.0 22.95 0.1 2.423
Q1623-BX519 25.63 0.24 24.82 0.15 24.69 0.15 23.52 0.1 23.73 0.1 23.02 0.1 23.55 0.27 23.11 0.2 9999.0 9999.0 9999.0 9999.0 9999.0 9999.0 1.64
Q1623-BX520 26.06 0.45 24.91 0.14 24.64 0.14 23.81 0.1 23.13 0.1 23.59 0.1 23.15 0.17 23.33 0.28 9999.0 9999.0 9999.0 9999.0 23.16 0.1 2.283
Q1623-BX521 26.1 0.49 25.08 0.2 24.54 0.15 24.41 0.1 23.7 0.1 24.08 0.14 9999.0 9999.0 9999.0 9999.0 9999.0 9999.0 9999.0 9999.0 9999.0 9999.0 2.484
Q1623-BX522 26.45 0.59 24.4 0.11 24.12 0.09 23.7 0.1 23.48 0.1 22.82 0.1 22.47 0.16 23.13 0.22 9999.0 9999.0 9999.0 9999.0 22.99 0.1 2.475
Q1623-BX524 25.8 0.29 25.0 0.17 24.89 0.17 24.05 0.1 24.19 0.1 23.79 0.1 9999.0 9999.0 23.27 0.22 9999.0 9999.0 9999.0 9999.0 24.03 0.1 2.055
Q1623-BX525 25.89 0.33 24.85 0.14 24.66 0.13 9999.0 9999.0 9999.0 9999.0 9999.0 9999.0 9999.0 9999.0 23.57 0.33 9999.0 9999.0 9999.0 9999.0 9999.0 9999.0 2.351
Q1623-BX528 24.98 0.24 23.79 0.1 23.49 0.07 22.46 0.1 22.28 0.1 21.57 0.1 9999.0 9999.0 21.1 0.1 9999.0 9999.0 9999.0 9999.0 22.21 0.1 2.268
Q1623-BX529 25.09 0.24 23.95 0.1 23.7 0.08 22.81 0.1 22.93 0.1 22.43 0.1 22.67 0.12 22.31 0.13 22.18 0.16 9999.0 9999.0 9999.0 9999.0 1.88
Q1623-BX536 26.89 0.56 25.6 0.22 25.47 0.22 25.91 0.23 26.71 0.67 26.07 0.56 9999.0 9999.0 9999.0 9999.0 9999.0 9999.0 9999.0 9999.0 24.11 0.1 2.175
Q1623-BX538 25.89 0.39 24.62 0.15 24.33 0.13 23.85 0.1 23.57 0.1 24.0 0.15 23.7 0.16 23.72 0.28 9999.0 9999.0 9999.0 9999.0 24.4 0.1 2.72
Q1623-BX540 25.35 0.29 24.0 0.1 23.9 0.09 23.86 0.1 23.64 0.1 23.13 0.1 9999.0 9999.0 9999.0 9999.0 9999.0 9999.0 9999.0 9999.0 9999.0 9999.0 2.02
Q1623-BX541 25.37 0.22 24.49 0.12 24.43 0.12 23.35 0.1 23.77 0.1 23.13 0.1 9999.0 9999.0 22.9 0.16 9999.0 9999.0 9999.0 9999.0 9999.0 9999.0 2.049
Q1623-BX542 26.61 0.55 25.07 0.16 24.91 0.15 25.51 0.2 24.22 0.1 24.22 0.13 9999.0 9999.0 24.51 0.3 9999.0 9999.0 9999.0 9999.0 9999.0 9999.0 2.339
Q1623-BX543 24.84 0.22 23.58 0.1 23.14 0.05 22.37 0.1 21.95 0.1 22.26 0.1 22.77 0.21 21.85 0.1 9999.0 9999.0 9999.0 9999.0 22.52 0.1 2.521
Q1623-BX544 25.52 9999.0 25.63 0.3 25.2 0.21 24.27 0.1 24.36 0.1 9999.0 9999.0 9999.0 9999.0 22.65 0.22 9999.0 9999.0 9999.0 9999.0 9999.0 9999.0 2.334
Q1623-BX545 27.37 1.06 25.76 0.3 25.36 0.24 25.45 0.18 25.21 0.2 25.52 0.4 9999.0 9999.0 9999.0 9999.0 9999.0 9999.0 9999.0 9999.0 25.37 0.1 3.011
Q1623-BX546 26.78 0.56 25.43 0.22 25.09 0.17 25.88 0.27 24.68 0.12 9999.0 9999.0 9999.0 9999.0 25.1 9999.0 9999.0 9999.0 9999.0 9999.0 24.71 0.1 2.464
Q1623-BX547 26.48 0.44 25.08 0.19 25.04 0.2 24.58 0.1 24.19 0.1 23.45 0.1 23.19 0.19 23.13 0.27 9999.0 9999.0 9999.0 9999.0 24.16 0.1 2.054
Q1623-BX553 26.51 0.6 24.92 0.16 24.62 0.14 23.92 0.1 23.32 0.1 23.1 0.1 22.89 0.17 22.85 0.18 22.1 0.24 9999.0 9999.0 23.3 0.1 2.202
Q1623-BX555 25.38 0.28 24.14 0.1 24.01 0.1 23.41 0.1 24.61 0.17 23.25 0.1 9999.0 9999.0 23.4 0.29 9999.0 9999.0 9999.0 9999.0 9999.0 9999.0 2.55
Q1623-BX56 25.32 9999.0 24.82 0.19 24.28 0.13 9999.0 9999.0 9999.0 9999.0 9999.0 9999.0 9999.0 9999.0 9999.0 9999.0 9999.0 9999.0 9999.0 9999.0 9999.0 9999.0 2.342
Q1623-BX561 27.19 0.77 25.59 0.25 25.23 0.19 25.22 0.14 24.45 0.1 9999.0 9999.0 9999.0 9999.0 9999.0 9999.0 9999.0 9999.0 9999.0 9999.0 9999.0 9999.0 2.289
Q1623-BX568 25.76 0.36 24.43 0.11 24.11 0.09 22.76 0.1 22.54 0.1 9999.0 9999.0 21.12 0.1 20.87 0.1 21.04 0.18 9999.0 9999.0 9999.0 9999.0 1.89
Q1623-BX569 26.78 0.57 24.91 0.18 24.97 0.19 24.78 0.13 24.17 0.1 24.19 0.14 9999.0 9999.0 26.11 9999.0 9999.0 9999.0 9999.0 9999.0 9999.0 9999.0 2.333
Q1623-BX570 25.96 0.35 24.68 0.12 24.6 0.13 24.41 0.1 24.66 0.14 9999.0 9999.0 9999.0 9999.0 9999.0 9999.0 9999.0 9999.0 9999.0 9999.0 9999.0 9999.0 2.647
Q1623-BX574 25.9 0.37 24.65 0.12 24.62 0.14 24.3 0.1 26.39 0.74 9999.0 9999.0 9999.0 9999.0 25.6 9999.0 9999.0 9999.0 9999.0 9999.0 9999.0 9999.0 2.428
Q1623-BX575 25.61 0.29 25.18 0.2 24.65 0.15 24.11 0.1 23.81 0.1 23.21 0.1 24.07 0.25 23.58 0.16 9999.0 9999.0 9999.0 9999.0 9999.0 9999.0 1.573
Q1623-BX576 26.47 0.68 25.14 0.16 24.92 0.18 24.38 0.1 24.15 0.1 24.29 0.13 9999.0 9999.0 9999.0 9999.0 9999.0 9999.0 9999.0 9999.0 9999.0 9999.0 2.489
Q1623-BX583 26.6 0.53 25.1 0.18 24.87 0.16 24.57 0.1 25.45 0.27 24.29 0.15 9999.0 9999.0 23.91 0.26 9999.0 9999.0 9999.0 9999.0 9999.0 9999.0 1.903
Q1623-BX586 26.56 0.59 24.89 0.15 24.59 0.13 23.75 0.1 23.51 0.1 22.65 0.1 23.16 0.22 22.57 0.1 22.17 0.27 9999.0 9999.0 9999.0 9999.0 2.105
Q1623-BX587 25.34 0.22 24.49 0.11 24.4 0.12 23.24 0.1 23.42 0.1 23.52 0.1 9999.0 9999.0 23.25 0.1 9999.0 9999.0 9999.0 9999.0 9999.0 9999.0 1.41
Q1623-BX590 25.83 0.32 24.87 0.14 24.77 0.15 23.79 0.1 23.79 0.1 23.15 0.1 23.12 0.15 22.89 0.15 9999.0 9999.0 9999.0 9999.0 9999.0 9999.0 2.115
Q1623-BX595 26.55 0.59 24.82 0.18 24.44 0.13 23.18 0.1 23.05 0.1 22.0 0.1 21.6 0.1 21.3 0.1 21.17 0.11 9999.0 9999.0 22.53 0.1 2.113
Q1623-BX597 27.33 0.56 26.02 0.23 26.02 0.27 24.8 0.1 26.67 0.44 24.74 0.12 23.53 0.32 22.9 0.22 9999.0 9999.0 9999.0 9999.0 9999.0 9999.0 2.506
Q1623-BX599 25.32 0.29 23.68 0.1 23.46 0.06 22.86 0.1 22.55 0.1 21.98 0.1 21.71 0.1 21.43 0.1 21.21 0.13 9999.0 9999.0 9999.0 9999.0 2.331
Q1623-BX601 26.22 9999.0 25.57 0.23 24.92 0.15 25.54 0.18 23.64 0.1 24.34 0.12 9999.0 9999.0 24.56 0.33 9999.0 9999.0 9999.0 9999.0 9999.0 9999.0 2.947
Q1623-BX603 20.98 0.1 20.59 0.1 20.52 0.01 20.39 0.1 20.33 0.1 9999.0 9999.0 20.06 0.1 19.68 0.1 19.14 0.1 9999.0 9999.0 9999.0 9999.0 2.53
Q1623-BX604 25.36 0.23 24.55 0.1 24.48 0.12 23.43 0.1 23.21 0.1 22.88 0.1 9999.0 9999.0 22.54 0.15 9999.0 9999.0 9999.0 9999.0 9999.0 9999.0 2.042
Q1623-BX609 26.79 0.87 24.63 0.13 24.08 0.09 23.46 0.1 23.51 0.1 22.76 0.1 22.67 0.17 22.66 0.18 9999.0 9999.0 9999.0 9999.0 9999.0 9999.0 2.74
Q1623-BX610 25.94 0.34 24.72 0.16 24.45 0.13 23.05 0.1 22.94 0.1 22.37 0.1 22.73 0.2 22.41 0.11 9999.0 9999.0 9999.0 9999.0 9999.0 9999.0 1.692
Q1623-BX617 24.8 0.14 24.01 0.1 24.02 0.08 23.42 0.1 23.36 0.1 23.4 0.1 9999.0 9999.0 23.73 0.34 9999.0 9999.0 9999.0 9999.0 9999.0 9999.0 2.024
Q1623-BX626 25.15 0.22 24.22 0.1 23.96 0.09 23.0 0.1 22.83 0.1 22.96 0.1 22.8 0.18 22.34 0.1 9999.0 9999.0 9999.0 9999.0 9999.0 9999.0 1.688
Q1623-BX627 26.06 0.47 24.65 0.16 24.1 0.11 24.02 0.1 23.26 0.1 23.36 0.1 23.69 0.26 23.25 0.17 9999.0 9999.0 9999.0 9999.0 9999.0 9999.0 3.026
Q1623-BX630 26.61 0.51 25.46 0.2 25.23 0.19 24.39 0.1 24.18 0.1 23.74 0.1 9999.0 9999.0 24.14 0.32 9999.0 9999.0 9999.0 9999.0 9999.0 9999.0 2.174
Q1623-BX635 25.31 0.28 24.24 0.1 23.92 0.09 23.56 0.1 23.44 0.1 9999.0 9999.0 22.11 0.1 9999.0 9999.0 9999.0 9999.0 9999.0 9999.0 9999.0 9999.0 2.116
Q1623-BX636 26.42 0.4 25.53 0.2 25.31 0.19 24.12 0.1 24.44 0.1 9999.0 9999.0 9999.0 9999.0 9999.0 9999.0 9999.0 9999.0 9999.0 9999.0 9999.0 9999.0 1.845
Q1623-BX641 26.36 0.44 24.42 0.14 24.45 0.14 23.42 0.1 23.15 0.1 22.73 0.1 9999.0 9999.0 23.37 0.18 18.98 0.1 9999.0 9999.0 9999.0 9999.0 2.135
Q1623-BX644 24.58 0.17 23.84 0.1 23.65 0.08 22.95 0.1 22.77 0.1 22.77 0.1 23.6 0.24 23.56 0.32 9999.0 9999.0 9999.0 9999.0 9999.0 9999.0 1.939
Q1623-BX65 26.03 0.43 24.84 0.16 24.49 0.14 9999.0 9999.0 9999.0 9999.0 9999.0 9999.0 9999.0 9999.0 9999.0 9999.0 9999.0 9999.0 9999.0 9999.0 9999.0 9999.0 2.285
Q1623-BX652 25.22 9999.0 24.92 0.16 24.46 0.13 23.97 0.1 23.35 0.1 23.67 0.1 9999.0 9999.0 22.94 0.14 9999.0 9999.0 9999.0 9999.0 9999.0 9999.0 2.615
Q1623-BX654 25.77 0.43 24.23 0.1 23.68 0.07 23.23 0.1 22.8 0.1 9999.0 9999.0 9999.0 9999.0 25.73 9999.0 9999.0 9999.0 9999.0 9999.0 9999.0 9999.0 2.162
Q1623-BX656 25.66 0.32 24.76 0.14 24.24 0.1 24.04 0.1 23.1 0.1 23.27 0.1 23.16 0.22 23.02 0.15 9999.0 9999.0 9999.0 9999.0 9999.0 9999.0 2.47
Q1623-BX657 24.68 0.16 23.94 0.1 23.69 0.07 22.51 0.1 22.53 0.1 22.03 0.1 22.43 0.11 22.18 0.1 9999.0 9999.0 9999.0 9999.0 9999.0 9999.0 1.632
Q1623-BX660 24.61 0.17 23.84 0.1 23.59 0.07 22.59 0.1 22.87 0.1 22.16 0.1 22.22 0.1 21.88 0.1 9999.0 9999.0 9999.0 9999.0 9999.0 9999.0 1.988
Q1623-BX661 25.4 0.22 24.41 0.12 24.33 0.12 24.22 0.1 23.56 0.1 23.44 0.1 23.92 0.21 9999.0 9999.0 9999.0 9999.0 9999.0 9999.0 9999.0 9999.0 2.117
Q1623-BX663 26.33 0.71 25.04 0.18 24.58 0.16 23.18 0.1 22.65 0.1 21.84 0.1 20.65 0.1 19.85 0.1 19.03 0.1 9999.0 9999.0 9999.0 9999.0 2.433
Q1623-BX665 26.06 0.48 24.9 0.1 24.74 0.12 24.44 0.1 23.53 0.1 23.63 0.1 9999.0 9999.0 9999.0 9999.0 9999.0 9999.0 9999.0 9999.0 9999.0 9999.0 2.741
Q1623-BX670 24.64 0.18 23.56 0.1 23.12 0.04 22.72 0.1 22.37 0.1 22.08 0.1 9999.0 9999.0 23.38 0.26 9999.0 9999.0 9999.0 9999.0 9999.0 9999.0 2.612
Q1623-BX677 26.66 0.66 24.76 0.15 24.39 0.11 23.69 0.1 23.27 0.1 22.72 0.1 9999.0 9999.0 22.89 0.19 9999.0 9999.0 9999.0 9999.0 9999.0 9999.0 2.488
Q1623-BX679 25.72 0.33 24.56 0.12 24.44 0.13 23.85 0.1 24.14 0.1 9999.0 9999.0 9999.0 9999.0 24.16 0.25 9999.0 9999.0 9999.0 9999.0 9999.0 9999.0 2.531
Q1623-BX680 26.42 0.38 25.02 0.18 25.12 0.19 23.85 0.1 24.17 0.1 23.96 0.11 9999.0 9999.0 9999.0 9999.0 9999.0 9999.0 9999.0 9999.0 9999.0 9999.0 1.297
Q1623-BX681 25.44 9999.0 25.0 0.21 24.16 0.1 23.43 0.1 24.45 0.13 9999.0 9999.0 23.72 0.36 9999.0 9999.0 9999.0 9999.0 9999.0 9999.0 9999.0 9999.0 2.299
Q1623-BX690 25.85 0.34 25.04 0.15 25.01 0.19 24.19 0.1 25.01 0.19 24.69 0.19 9999.0 9999.0 23.76 0.28 9999.0 9999.0 9999.0 9999.0 9999.0 9999.0 2.293
Q1623-BX691 27.33 0.78 25.11 0.21 24.94 0.16 24.6 0.1 24.28 0.1 25.77 0.64 9999.0 9999.0 9999.0 9999.0 9999.0 9999.0 9999.0 9999.0 9999.0 9999.0 2.518
Q1623-BX693 25.78 0.28 24.61 0.14 24.45 0.13 24.34 0.1 24.43 0.1 24.02 0.12 9999.0 9999.0 29.0 9999.0 9999.0 9999.0 9999.0 9999.0 9999.0 9999.0 2.424
Q1623-BX70 26.17 0.55 25.22 0.19 24.71 0.16 9999.0 9999.0 9999.0 9999.0 9999.0 9999.0 21.26 0.1 9999.0 9999.0 20.95 0.12 9999.0 9999.0 9999.0 9999.0 2.39
Q1623-BX703 25.05 0.2 23.97 0.1 23.91 0.08 22.9 0.1 22.95 0.1 22.53 0.1 22.56 0.18 22.24 0.16 9999.0 9999.0 9999.0 9999.0 9999.0 9999.0 1.939
Q1623-BX705 25.38 0.23 24.46 0.1 24.38 0.11 24.13 0.1 24.3 0.11 24.6 0.2 9999.0 9999.0 22.93 0.4 9999.0 9999.0 9999.0 9999.0 9999.0 9999.0 2.039
Q1623-BX706 25.99 0.46 24.83 0.16 24.5 0.16 24.13 0.1 23.56 0.1 23.27 0.1 9999.0 9999.0 23.74 0.25 9999.0 9999.0 9999.0 9999.0 9999.0 9999.0 2.491
Q1623-BX713 26.97 0.87 25.55 0.27 24.9 0.17 24.71 0.1 24.85 0.16 23.79 0.1 23.72 0.2 23.15 0.2 9999.0 9999.0 9999.0 9999.0 9999.0 9999.0 2.434
Q1623-BX72 26.32 0.51 25.21 0.24 24.45 0.13 9999.0 9999.0 9999.0 9999.0 9999.0 9999.0 9999.0 9999.0 9999.0 9999.0 9999.0 9999.0 9999.0 9999.0 9999.0 9999.0 1.868
Q1623-BX723 25.97 0.35 24.6 0.13 24.56 0.15 23.98 0.1 23.65 0.1 23.56 0.1 9999.0 9999.0 23.59 0.29 9999.0 9999.0 9999.0 9999.0 9999.0 9999.0 2.649
Q1623-BX724 25.75 0.33 24.19 0.1 24.11 0.1 22.69 0.1 22.42 0.1 21.93 0.1 21.42 0.1 21.25 0.1 9999.0 9999.0 9999.0 9999.0 9999.0 9999.0 2.045
Q1623-BX741 25.79 0.42 24.44 0.11 24.06 0.09 23.07 0.1 23.09 0.1 22.05 0.1 9999.0 9999.0 22.19 0.13 9999.0 9999.0 9999.0 9999.0 9999.0 9999.0 2.216
Q1623-BX747 23.54 0.1 22.95 0.1 22.95 0.04 22.47 0.1 21.89 0.1 22.08 0.1 22.3 0.15 9999.0 9999.0 9999.0 9999.0 9999.0 9999.0 9999.0 9999.0 2.431
Q1623-BX750 26.51 0.61 24.97 0.18 24.55 0.14 24.89 0.13 23.97 0.1 24.33 0.17 23.81 0.38 9999.0 9999.0 9999.0 9999.0 9999.0 9999.0 9999.0 9999.0 2.677
Q1623-BX759 26.36 0.47 25.02 0.19 24.85 0.19 24.45 0.1 9999.0 9999.0 9999.0 9999.0 9999.0 9999.0 9999.0 9999.0 9999.0 9999.0 9999.0 9999.0 9999.0 9999.0 2.522
Q1623-BX762 26.69 0.72 25.15 0.22 24.71 0.16 24.35 0.1 23.92 0.1 9999.0 9999.0 9999.0 9999.0 9999.0 9999.0 9999.0 9999.0 9999.0 9999.0 9999.0 9999.0 2.611
Q1623-BX769 25.49 0.28 24.22 0.1 24.02 0.08 23.72 0.1 22.89 0.1 23.04 0.1 9999.0 9999.0 23.24 0.26 9999.0 9999.0 9999.0 9999.0 9999.0 9999.0 2.435
Q1623-BX771 25.34 0.28 24.85 0.14 24.69 0.17 24.08 0.1 24.12 0.1 23.78 0.1 9999.0 9999.0 23.83 0.23 9999.0 9999.0 9999.0 9999.0 9999.0 9999.0 1.654
Q1623-BX787 25.07 0.25 23.79 0.1 23.42 0.06 22.93 0.1 23.55 0.1 9999.0 9999.0 9999.0 9999.0 9999.0 9999.0 9999.0 9999.0 9999.0 9999.0 9999.0 9999.0 2.464
Q1623-BX794 26.06 0.31 25.08 0.17 25.22 0.21 24.11 0.1 24.1 0.1 9999.0 9999.0 9999.0 9999.0 9999.0 9999.0 9999.0 9999.0 9999.0 9999.0 9999.0 9999.0 2.137
Q1623-BX80 26.31 0.56 24.69 0.14 24.2 0.1 9999.0 9999.0 9999.0 9999.0 9999.0 9999.0 9999.0 9999.0 9999.0 9999.0 9999.0 9999.0 9999.0 9999.0 9999.0 9999.0 2.539
Q1623-BX802 25.47 0.28 24.41 0.1 24.15 0.09 22.92 0.1 22.55 0.1 9999.0 9999.0 9999.0 9999.0 21.35 0.1 9999.0 9999.0 9999.0 9999.0 9999.0 9999.0 1.758
Q1623-BX811 25.24 0.26 24.53 0.12 24.48 0.15 24.7 0.11 23.22 0.1 9999.0 9999.0 9999.0 9999.0 9999.0 9999.0 9999.0 9999.0 9999.0 9999.0 9999.0 9999.0 2.048
Q1623-BX821 24.59 0.33 24.0 0.1 23.46 0.14 24.17 0.1 22.87 0.1 9999.0 9999.0 9999.0 9999.0 9999.0 9999.0 9999.0 9999.0 9999.0 9999.0 9999.0 9999.0 2.395
Q1623-BX824 25.91 0.35 25.09 0.15 25.02 0.19 24.12 0.1 23.81 0.1 9999.0 9999.0 9999.0 9999.0 23.34 0.13 9999.0 9999.0 9999.0 9999.0 9999.0 9999.0 2.036
Q1623-BX827 26.33 0.4 25.24 0.16 25.31 0.2 25.11 0.11 24.54 0.1 9999.0 9999.0 9999.0 9999.0 9999.0 9999.0 9999.0 9999.0 9999.0 9999.0 9999.0 9999.0 2.502
Q1623-BX832 24.49 0.16 23.37 0.1 23.14 0.05 22.79 0.1 23.12 0.1 9999.0 9999.0 9999.0 9999.0 23.57 0.12 9999.0 9999.0 9999.0 9999.0 9999.0 9999.0 2.39
Q1623-BX845 25.85 0.45 24.16 0.11 23.77 0.08 22.85 0.1 22.67 0.1 9999.0 9999.0 9999.0 9999.0 9999.0 9999.0 9999.0 9999.0 9999.0 9999.0 9999.0 9999.0 2.031
Q1623-BX849 26.37 0.45 24.8 0.17 24.63 0.15 23.31 0.1 23.55 0.1 9999.0 9999.0 9999.0 9999.0 23.04 0.22 9999.0 9999.0 9999.0 9999.0 9999.0 9999.0 2.481
Q1623-BX851 25.19 0.22 24.18 0.1 24.04 0.08 23.79 0.1 23.27 0.1 9999.0 9999.0 9999.0 9999.0 9999.0 9999.0 9999.0 9999.0 9999.0 9999.0 9999.0 9999.0 2.164
Q1623-BX862 26.93 0.74 25.31 0.23 25.04 0.21 24.28 0.1 24.4 0.11 9999.0 9999.0 9999.0 9999.0 9999.0 9999.0 9999.0 9999.0 9999.0 9999.0 9999.0 9999.0 2.259
Q1623-BX87 25.55 0.33 24.9 0.12 24.84 0.17 9999.0 9999.0 9999.0 9999.0 9999.0 9999.0 9999.0 9999.0 9999.0 9999.0 9999.0 9999.0 9999.0 9999.0 9999.0 9999.0 2.497
Q1623-BX885 24.87 0.15 24.02 0.1 23.97 0.09 24.29 0.1 24.11 0.1 9999.0 9999.0 9999.0 9999.0 22.97 0.27 9999.0 9999.0 9999.0 9999.0 9999.0 9999.0 2.205
Q1623-BX894 25.38 0.29 24.7 0.13 24.36 0.12 23.44 0.1 23.59 0.1 9999.0 9999.0 9999.0 9999.0 9999.0 9999.0 9999.0 9999.0 9999.0 9999.0 9999.0 9999.0 1.691
Q1623-BX905 25.16 0.23 24.22 0.1 23.91 0.07 23.47 0.1 23.09 0.1 9999.0 9999.0 9999.0 9999.0 22.77 0.25 9999.0 9999.0 9999.0 9999.0 9999.0 9999.0 2.613
Q1623-BX909 27.56 0.93 25.89 0.33 25.32 0.19 24.86 0.1 24.89 0.13 9999.0 9999.0 9999.0 9999.0 26.62 9999.0 9999.0 9999.0 9999.0 9999.0 9999.0 9999.0 1.923
Q1623-BX923 26.04 0.43 24.72 0.14 24.47 0.13 23.8 0.1 23.04 0.1 9999.0 9999.0 9999.0 9999.0 22.52 0.11 9999.0 9999.0 9999.0 9999.0 9999.0 9999.0 2.066
Q1623-BX929 26.0 0.4 24.62 0.13 24.33 0.11 23.83 0.1 23.5 0.1 9999.0 9999.0 9999.0 9999.0 22.97 0.21 9999.0 9999.0 9999.0 9999.0 9999.0 9999.0 2.323
Q1623-BX93 24.48 0.15 23.58 0.1 23.27 0.06 9999.0 9999.0 9999.0 9999.0 9999.0 9999.0 9999.0 9999.0 9999.0 9999.0 9999.0 9999.0 9999.0 9999.0 9999.0 9999.0 1.893
Q1623-BX930 26.58 0.66 25.58 0.22 25.23 0.21 24.39 0.1 23.93 0.1 9999.0 9999.0 9999.0 9999.0 22.87 0.16 9999.0 9999.0 9999.0 9999.0 9999.0 9999.0 2.017
Q1623-BX938 25.25 0.24 24.65 0.12 24.48 0.13 23.87 0.1 23.87 0.1 9999.0 9999.0 9999.0 9999.0 9999.0 9999.0 9999.0 9999.0 9999.0 9999.0 9999.0 9999.0 2.197
Q1623-BX943 24.83 0.17 23.97 0.1 23.81 0.08 22.94 0.1 22.98 0.1 9999.0 9999.0 9999.0 9999.0 22.08 0.17 9999.0 9999.0 9999.0 9999.0 9999.0 9999.0 1.741
Q1623-BX95 26.26 0.55 24.44 0.14 24.04 0.1 9999.0 9999.0 9999.0 9999.0 9999.0 9999.0 23.14 0.17 9999.0 9999.0 9999.0 9999.0 9999.0 9999.0 9999.0 9999.0 2.519
Q1623-BX964 26.39 0.38 25.01 0.17 25.18 0.2 9999.0 9999.0 24.5 0.1 9999.0 9999.0 9999.0 9999.0 9999.0 9999.0 9999.0 9999.0 9999.0 9999.0 9999.0 9999.0 2.197
Q1623-BX975 25.8 0.31 24.56 0.12 24.37 0.11 23.81 0.1 25.64 0.36 9999.0 9999.0 9999.0 9999.0 9999.0 9999.0 9999.0 9999.0 9999.0 9999.0 9999.0 9999.0 2.279
Q1623-BX989 25.15 9999.0 24.52 0.14 24.0 0.1 23.44 0.1 24.69 0.19 9999.0 9999.0 9999.0 9999.0 21.98 0.17 9999.0 9999.0 9999.0 9999.0 9999.0 9999.0 3.114
Q1623-BX99 25.59 9999.0 25.43 0.26 24.99 0.18 9999.0 9999.0 9999.0 9999.0 9999.0 9999.0 9999.0 9999.0 9999.0 9999.0 9999.0 9999.0 9999.0 9999.0 9999.0 9999.0 2.127
Q1623-C21 25.97 9999.0 24.56 0.16 23.69 0.08 9999.0 9999.0 9999.0 9999.0 9999.0 9999.0 9999.0 9999.0 9999.0 9999.0 9999.0 9999.0 9999.0 9999.0 9999.0 9999.0 3.13
Q1623-C42 27.1 9999.0 24.75 0.15 23.78 0.07 23.01 0.1 23.22 0.1 22.29 0.1 22.14 0.12 22.54 0.15 9999.0 9999.0 23.76 130.6 22.92 0.1 3.198
Q1623-C45 25.78 9999.0 25.55 0.23 24.82 0.14 25.3 0.15 24.14 0.1 23.44 0.1 23.79 0.21 23.11 0.13 9999.0 9999.0 24.03 0.1 23.87 0.1 2.947
Q1623-C47 26.22 9999.0 25.91 0.33 25.42 0.22 25.86 0.26 24.92 0.13 24.9 0.22 9999.0 9999.0 25.6 9999.0 9999.0 9999.0 9999.0 9999.0 9999.0 9999.0 3.065
Q1623-C49 26.18 9999.0 25.59 0.25 25.26 0.2 9999.0 9999.0 9999.0 9999.0 9999.0 9999.0 9999.0 9999.0 9999.0 9999.0 9999.0 9999.0 25.06 0.1 25.31 0.1 3.004
Q1623-C50 26.29 9999.0 25.75 0.26 25.21 0.19 9999.0 9999.0 26.81 0.85 9999.0 9999.0 9999.0 9999.0 9999.0 9999.0 9999.0 9999.0 9999.0 9999.0 24.49 0.1 2.951
Q1623-C51 25.98 9999.0 25.09 0.2 24.34 0.12 24.18 0.1 23.94 0.1 23.19 0.1 9999.0 9999.0 23.88 0.38 9999.0 9999.0 9999.0 9999.0 24.04 0.1 2.972
Q1623-C52 26.31 9999.0 25.34 0.2 25.05 0.17 25.6 0.21 24.48 0.1 24.44 0.15 24.7 0.39 9999.0 9999.0 9999.0 9999.0 9999.0 9999.0 24.4 0.1 2.97
Q1623-C54 26.53 9999.0 25.51 0.24 24.73 0.15 24.32 0.1 24.12 0.1 23.97 0.1 22.84 0.1 22.74 0.14 9999.0 9999.0 9999.0 9999.0 23.43 0.1 2.79
Q1623-C58 26.71 9999.0 25.23 0.19 24.87 0.16 25.54 0.2 24.62 0.13 9999.0 9999.0 9999.0 9999.0 26.81 9999.0 9999.0 9999.0 9999.0 9999.0 24.38 0.1 3.109
Q1623-C60 26.02 9999.0 25.32 0.21 24.76 0.15 24.38 0.1 23.75 0.1 24.59 0.18 9999.0 9999.0 9999.0 9999.0 9999.0 9999.0 9999.0 9999.0 23.94 0.1 2.885
Q1623-C61 25.99 9999.0 25.53 0.27 24.89 0.16 25.97 0.33 24.12 0.1 24.32 0.15 23.9 0.33 24.44 0.42 9999.0 9999.0 9999.0 9999.0 24.69 0.1 2.993
Q1623-C63 25.68 9999.0 25.4 0.2 24.86 0.16 24.59 0.1 24.14 0.1 9999.0 9999.0 23.89 0.28 23.73 0.35 9999.0 9999.0 9999.0 9999.0 9999.0 9999.0 3.008
Q1623-D18 26.87 1.01 24.45 0.14 23.87 0.09 9999.0 9999.0 9999.0 9999.0 22.63 0.1 9999.0 9999.0 9999.0 9999.0 9999.0 9999.0 9999.0 9999.0 9999.0 9999.0 2.813
Q1623-D19 25.72 9999.0 25.15 0.2 24.88 0.15 24.98 0.14 26.67 0.78 23.91 0.11 9999.0 9999.0 9999.0 9999.0 9999.0 9999.0 9999.0 9999.0 9999.0 9999.0 2.52
Q1623-D21 26.02 9999.0 25.33 0.22 24.76 0.15 25.46 0.2 25.5 0.3 9999.0 9999.0 9999.0 9999.0 27.0 9999.0 9999.0 9999.0 9999.0 9999.0 9999.0 9999.0 3.11
Q1623-D27 26.11 0.75 23.23 0.1 22.55 0.05 21.97 0.1 22.29 0.1 21.79 0.1 22.22 0.13 21.81 0.1 21.87 0.19 9999.0 9999.0 23.69 0.1 2.955
Q1623-D30 26.96 0.86 24.83 0.15 24.53 0.12 23.61 0.1 23.18 0.1 22.68 0.1 22.52 0.11 22.14 0.12 9999.0 9999.0 9999.0 9999.0 23.31 0.1 2.419
Q1623-D31 25.08 0.47 21.81 0.1 20.9 0.01 19.96 0.1 19.85 0.1 9999.0 9999.0 9999.0 9999.0 9999.0 9999.0 9999.0 9999.0 9999.0 9999.0 9999.0 9999.0 3.595
Q1623-D37 26.17 9999.0 25.5 0.23 25.31 0.18 25.38 0.16 9999.0 9999.0 25.29 0.32 9999.0 9999.0 9999.0 9999.0 9999.0 9999.0 9999.0 9999.0 9999.0 9999.0 3.118
Q1623-D38 25.1 9999.0 24.53 0.13 24.06 0.1 23.86 0.1 23.59 0.1 9999.0 9999.0 23.21 0.24 9999.0 9999.0 9999.0 9999.0 9999.0 9999.0 9999.0 9999.0 2.807
Q1623-D42 25.16 9999.0 24.54 0.11 24.02 0.09 23.75 0.1 24.1 0.11 22.9 0.1 23.17 0.2 22.81 0.19 9999.0 9999.0 9999.0 9999.0 9999.0 9999.0 2.879
Q1623-D44 25.06 9999.0 24.12 0.1 23.68 0.07 23.38 0.1 23.55 0.1 23.15 0.1 9999.0 9999.0 22.51 0.1 9999.0 9999.0 9999.0 9999.0 9999.0 9999.0 2.981
Q1623-D55 24.67 0.24 22.12 0.1 21.89 0.01 21.7 0.1 21.78 0.1 9999.0 9999.0 9999.0 9999.0 21.68 0.14 9999.0 9999.0 9999.0 9999.0 9999.0 9999.0 3.175
Q1623-M20 26.83 9999.0 25.85 0.39 24.74 0.16 24.09 0.1 23.82 0.1 23.52 0.1 23.1 0.1 23.04 0.12 9999.0 9999.0 9999.0 9999.0 24.09 0.1 2.957
Q1623-M23 26.89 9999.0 26.17 0.47 25.53 0.23 25.12 0.14 25.58 0.19 23.41 0.1 9999.0 9999.0 24.06 0.42 25.75 9999.0 9999.0 9999.0 24.32 0.1 3.129
Q1623-M28 26.42 9999.0 26.14 0.36 25.12 0.17 25.01 0.1 25.74 0.32 24.92 0.2 9999.0 9999.0 9999.0 9999.0 9999.0 9999.0 9999.0 9999.0 24.94 0.1 2.656
Q1623-MD101 25.1 9999.0 24.69 0.13 23.64 0.06 22.62 0.1 22.91 0.1 23.08 0.1 23.53 0.22 23.79 0.28 9999.0 9999.0 9999.0 9999.0 9999.0 9999.0 3.349
Q1623-MD102 26.97 0.68 25.7 0.21 25.63 0.24 25.74 0.11 24.61 0.1 23.79 0.1 23.12 0.1 22.78 0.1 9999.0 9999.0 9999.0 9999.0 24.08 0.1 2.408
Q1623-MD105 27.0 0.83 25.03 0.18 24.85 0.16 25.1 0.15 24.96 0.18 9999.0 9999.0 25.37 0.42 9999.0 9999.0 9999.0 9999.0 9999.0 9999.0 9999.0 9999.0 2.964
Q1623-MD106 26.85 0.78 24.85 0.16 24.41 0.1 23.83 0.1 23.67 0.1 23.6 0.1 22.97 0.22 22.93 0.19 9999.0 9999.0 9999.0 9999.0 23.14 0.1 2.548
Q1623-MD107 26.6 0.7 24.94 0.17 24.71 0.17 24.13 0.1 23.31 0.1 23.02 0.1 22.63 0.15 23.07 0.21 9999.0 9999.0 9999.0 9999.0 24.69 0.1 2.537
Q1623-MD112 26.65 0.74 24.88 0.15 24.38 0.11 24.27 0.1 24.17 0.1 24.18 0.13 24.49 0.43 24.04 0.21 9999.0 9999.0 9999.0 9999.0 23.98 0.1 2.795
Q1623-MD113 25.66 9999.0 25.29 0.22 24.11 0.09 23.86 0.1 23.32 0.1 9999.0 9999.0 9999.0 9999.0 25.49 9999.0 9999.0 9999.0 9999.0 9999.0 9999.0 9999.0 2.699
Q1623-MD127 26.78 0.81 25.05 0.19 24.55 0.13 24.11 0.1 23.95 0.1 23.34 0.1 23.36 0.26 23.08 0.1 9999.0 9999.0 9999.0 9999.0 9999.0 9999.0 2.461
Q1623-MD140 26.06 0.46 24.53 0.11 24.39 0.11 24.23 0.1 23.82 0.1 23.98 0.11 9999.0 9999.0 23.55 0.3 9999.0 9999.0 9999.0 9999.0 23.67 0.1 2.531
Q1623-MD141 27.22 0.98 25.15 0.2 24.68 0.14 25.71 0.27 23.3 0.1 9999.0 9999.0 24.25 0.37 25.72 9999.0 9999.0 9999.0 9999.0 9999.0 9999.0 9999.0 2.602
Q1623-MD149 25.83 9999.0 25.21 0.23 24.35 0.11 24.04 0.1 24.36 0.11 23.48 0.1 23.92 0.15 23.63 0.2 9999.0 9999.0 9999.0 9999.0 9999.0 9999.0 2.269
Q1623-MD152 25.66 9999.0 25.07 0.19 24.62 0.14 24.3 0.1 25.51 0.3 23.5 0.1 9999.0 9999.0 26.26 9999.0 9999.0 9999.0 9999.0 9999.0 9999.0 9999.0 3.077
Q1623-MD156 26.9 0.95 24.94 0.17 24.5 0.13 23.47 0.1 23.42 0.1 9999.0 9999.0 22.91 0.16 9999.0 9999.0 9999.0 9999.0 9999.0 9999.0 9999.0 9999.0 2.617
Q1623-MD16 25.58 0.37 23.96 0.1 23.71 0.08 9999.0 9999.0 9999.0 9999.0 9999.0 9999.0 9999.0 9999.0 9999.0 9999.0 9999.0 9999.0 9999.0 9999.0 9999.0 9999.0 2.437
Q1623-MD163 26.26 0.6 24.55 0.13 24.23 0.11 23.66 0.1 23.52 0.1 22.83 0.1 22.94 0.22 20.95 0.12 9999.0 9999.0 9999.0 9999.0 9999.0 9999.0 2.436
Q1623-MD37 23.79 0.1 22.64 0.1 22.76 0.03 9999.0 9999.0 9999.0 9999.0 9999.0 9999.0 9999.0 9999.0 9999.0 9999.0 9999.0 9999.0 9999.0 9999.0 9999.0 9999.0 2.474
Q1623-MD60 26.12 0.64 23.91 0.1 23.33 0.05 9999.0 9999.0 9999.0 9999.0 9999.0 9999.0 9999.0 9999.0 9999.0 9999.0 9999.0 9999.0 9999.0 9999.0 9999.0 9999.0 2.998
Q1623-MD63 25.49 9999.0 24.73 0.16 24.17 0.11 9999.0 9999.0 9999.0 9999.0 9999.0 9999.0 23.83 0.37 23.6 0.4 9999.0 9999.0 9999.0 9999.0 9999.0 9999.0 2.879
Q1623-MD66 26.32 0.59 24.42 0.12 24.03 0.1 22.99 0.1 22.26 0.1 21.84 0.1 9999.0 9999.0 9999.0 9999.0 9999.0 9999.0 9999.0 9999.0 9999.0 9999.0 2.108
Q1623-MD69 26.96 0.66 25.11 0.19 25.04 0.18 9999.0 9999.0 24.68 0.13 9999.0 9999.0 9999.0 9999.0 25.95 9999.0 9999.0 9999.0 9999.0 9999.0 9999.0 9999.0 2.63
Q1623-MD90 25.54 9999.0 25.2 0.25 24.56 0.14 24.51 0.11 24.03 0.1 23.64 0.1 23.37 0.23 23.55 0.28 9999.0 9999.0 9999.0 9999.0 25.36 0.1 2.615
Q1623-MD93 28.02 0.88 26.03 0.32 25.97 0.28 24.94 0.1 24.97 0.1 24.55 0.12 9999.0 9999.0 9999.0 9999.0 9999.0 9999.0 9999.0 9999.0 24.03 0.1 2.243
Q1623-RK102 25.42 9999.0 25.83 0.31 24.74 0.17 22.24 0.1 21.63 0.1 21.23 0.1 20.22 0.1 19.81 0.1 19.98 0.1 21.59 0.1 21.25 0.1 1.638
Q1623-RK111 27.47 0.91 25.78 0.43 24.84 0.17 23.03 0.1 23.23 0.1 21.82 0.1 21.33 0.1 20.93 0.1 21.1 0.12 9999.0 9999.0 22.44 0.1 1.475
Q1623-RK115 25.03 0.25 24.25 0.12 23.68 0.09 21.81 0.1 21.58 0.1 21.01 0.1 20.53 0.1 20.43 0.1 20.53 0.1 9999.0 9999.0 21.42 0.1 1.55
Q1623-RK119 24.37 0.16 23.79 0.1 23.19 0.05 21.56 0.1 21.21 0.1 20.66 0.1 20.52 0.21 20.32 0.1 20.72 0.13 9999.0 9999.0 21.81 0.1 1.403
