Object Un_lris Un_lris_err G_lris G_lris_err Rs_lris Rs_lris_err mosfire_J mosfire_J_err mosfire_Ks mosfire_Ks_err irac1 irac1_err irac2 irac2_err irac3 irac3_err f814w f814w_err f140w f140w_err f160w f160w_err Redshift
Q1700-BM548 25.06 0.15 24.65 0.1 24.28 0.1 23.7 0.1 23.01 0.1 23.16 0.2 23.35 0.25 9999.0 9999.0 24.11 0.1 9999.0 9999.0 9999.0 9999.0 1.29
Q1700-BM555 23.45 0.1 23.31 0.1 23.11 0.1 22.47 0.1 22.2 0.1 21.89 0.1 22.09 0.1 22.37 0.29 22.73 0.1 22.29 0.1 22.05 0.1 1.14
Q1700-BM566 25.6 0.19 25.09 0.1 24.81 0.1 23.65 0.1 22.91 0.1 23.64 0.26 22.46 0.1 9999.0 9999.0 24.58 0.1 9999.0 9999.0 9999.0 9999.0 1.58
Q1700-BM596 24.06 0.1 23.54 0.1 22.97 0.1 22.92 0.1 22.77 0.1 9999.0 9999.0 21.98 0.1 9999.0 9999.0 23.24 0.1 9999.0 9999.0 9999.0 9999.0 2.071
Q1700-BM605 24.89 0.1 24.82 0.1 24.85 0.1 24.26 0.14 24.05 0.2 9999.0 9999.0 9999.0 9999.0 9999.0 9999.0 24.75 0.1 9999.0 9999.0 24.07 0.1 1.493
Q1700-BM619 25.95 0.25 25.5 0.1 25.14 0.1 24.16 0.13 23.88 0.13 23.03 0.25 23.57 0.34 9999.0 9999.0 25.8 0.1 9999.0 9999.0 9999.0 9999.0 2.265
Q1700-BM624 24.4 0.1 24.36 0.1 24.08 0.1 23.49 0.1 23.19 0.12 22.75 0.15 22.86 0.1 9999.0 9999.0 23.78 0.1 9999.0 9999.0 23.13 0.1 1.286
Q1700-BM640 24.36 0.1 24.23 0.1 24.21 0.1 23.27 0.1 23.24 0.11 23.0 0.16 23.03 0.28 9999.0 9999.0 9999.0 9999.0 9999.0 9999.0 9999.0 9999.0 1.375
Q1700-BM724 24.71 0.22 23.75 0.1 23.14 0.1 23.2 0.12 23.32 0.24 9999.0 9999.0 9999.0 9999.0 9999.0 9999.0 24.41 0.1 9999.0 9999.0 9999.0 9999.0 2.218
Q1700-BM780 23.66 0.1 23.1 0.1 22.75 0.1 21.76 0.1 21.45 0.1 9999.0 9999.0 21.03 0.1 9999.0 9999.0 22.8 0.1 9999.0 9999.0 9999.0 9999.0 1.716
Q1700-BX1012 24.35 0.1 23.79 0.1 23.71 0.1 23.13 0.1 22.79 0.1 9999.0 9999.0 23.67 0.23 9999.0 9999.0 9999.0 9999.0 9999.0 9999.0 9999.0 9999.0 2.111
Q1700-BX1022 25.27 0.13 24.84 0.1 24.79 0.1 24.23 0.14 23.51 0.12 9999.0 9999.0 9999.0 9999.0 9999.0 9999.0 9999.0 9999.0 9999.0 9999.0 9999.0 9999.0 2.234
Q1700-BX103 25.75 0.29 25.02 0.1 24.88 0.1 9999.0 9999.0 9999.0 9999.0 9999.0 9999.0 9999.0 9999.0 9999.0 9999.0 9999.0 9999.0 9999.0 9999.0 9999.0 9999.0 1.714
Q1700-BX1030 27.78 9999.0 25.53 0.1 25.03 0.1 24.03 0.12 23.27 0.1 9999.0 9999.0 23.02 0.17 9999.0 9999.0 24.84 0.1 9999.0 9999.0 9999.0 9999.0 2.287
Q1700-BX1031 23.78 0.1 23.26 0.1 23.27 0.1 22.85 0.1 22.5 0.1 9999.0 9999.0 9999.0 9999.0 9999.0 9999.0 23.52 0.1 9999.0 9999.0 9999.0 9999.0 2.248
Q1700-BX1032 24.56 0.1 24.04 0.1 23.91 0.1 22.73 0.1 22.71 0.1 9999.0 9999.0 22.12 0.1 9999.0 9999.0 23.68 0.1 9999.0 9999.0 9999.0 9999.0 1.885
Q1700-BX1043 24.07 0.1 23.52 0.1 23.51 0.1 23.35 0.1 23.15 0.12 9999.0 9999.0 22.82 0.11 9999.0 9999.0 23.99 0.1 9999.0 9999.0 9999.0 9999.0 1.849
Q1700-BX1047 26.19 0.38 24.85 0.1 24.44 0.1 99.0 9999.0 22.51 0.1 9999.0 9999.0 21.95 0.1 9999.0 9999.0 9999.0 9999.0 9999.0 9999.0 9999.0 9999.0 2.233
Q1700-BX1048 27.9 9999.0 25.76 0.12 25.19 0.1 24.27 0.13 23.3 0.1 9999.0 9999.0 9999.0 9999.0 9999.0 9999.0 9999.0 9999.0 9999.0 9999.0 9999.0 9999.0 2.179
Q1700-BX1062 25.84 0.26 24.91 0.1 24.76 0.1 24.41 0.16 23.8 0.15 9999.0 9999.0 24.22 0.34 9999.0 9999.0 24.89 0.1 9999.0 9999.0 9999.0 9999.0 2.293
Q1700-BX1066 25.37 0.22 24.66 0.1 24.39 0.1 23.42 0.1 22.92 0.1 9999.0 9999.0 9999.0 9999.0 9999.0 9999.0 9999.0 9999.0 9999.0 9999.0 9999.0 9999.0 2.181
Q1700-BX1069 25.59 0.23 25.12 0.1 24.99 0.1 24.5 0.19 24.35 0.28 9999.0 9999.0 23.98 0.3 9999.0 9999.0 25.0 0.1 9999.0 9999.0 9999.0 9999.0 2.296
Q1700-BX1071 25.1 0.15 24.53 0.1 24.16 0.1 32.28 9999.0 24.25 0.33 9999.0 9999.0 24.0 0.19 9999.0 9999.0 9999.0 9999.0 9999.0 9999.0 9999.0 9999.0 2.154
Q1700-BX1075 26.01 0.27 25.13 0.1 24.74 0.1 24.07 0.13 23.78 0.17 9999.0 9999.0 9999.0 9999.0 9999.0 9999.0 25.22 0.1 9999.0 9999.0 9999.0 9999.0 2.063
Q1700-BX1082 24.54 0.17 24.2 0.1 23.64 0.1 21.98 0.1 22.41 0.1 9999.0 9999.0 22.13 0.11 9999.0 9999.0 24.15 0.1 9999.0 9999.0 9999.0 9999.0 1.464
Q1700-BX1084 25.01 0.19 24.07 0.1 23.59 0.1 22.57 0.1 21.69 0.1 9999.0 9999.0 21.3 0.1 9999.0 9999.0 9999.0 9999.0 9999.0 9999.0 9999.0 9999.0 2.247
Q1700-BX1087 23.92 0.1 23.24 0.1 23.15 0.1 22.29 0.1 22.24 0.1 9999.0 9999.0 21.75 0.1 9999.0 9999.0 23.07 0.1 9999.0 9999.0 9999.0 9999.0 1.872
Q1700-BX1118 25.39 0.18 24.67 0.1 24.72 0.1 24.07 0.12 23.65 0.15 9999.0 9999.0 9999.0 9999.0 9999.0 9999.0 24.52 0.1 9999.0 9999.0 9999.0 9999.0 2.211
Q1700-BX1125 26.36 0.37 25.51 0.1 25.15 0.1 23.92 0.1 23.09 0.1 9999.0 9999.0 22.0 0.1 9999.0 9999.0 24.66 0.1 9999.0 9999.0 9999.0 9999.0 2.283
Q1700-BX1133 25.32 0.18 24.48 0.1 24.37 0.1 9999.0 9999.0 22.7 0.1 9999.0 9999.0 22.75 0.1 9999.0 9999.0 24.43 0.1 9999.0 9999.0 9999.0 9999.0 2.299
Q1700-BX1142 25.18 0.17 24.32 0.1 24.16 0.1 9999.0 9999.0 25.36 0.85 9999.0 9999.0 23.7 0.26 9999.0 9999.0 24.48 0.1 9999.0 9999.0 9999.0 9999.0 2.317
Q1700-BX1151 25.76 0.27 24.54 0.1 24.25 0.1 9999.0 9999.0 9999.0 9999.0 9999.0 9999.0 23.44 0.18 9999.0 9999.0 9999.0 9999.0 9999.0 9999.0 9999.0 9999.0 2.611
Q1700-BX1156 25.54 0.22 24.62 0.1 24.42 0.1 9999.0 9999.0 9999.0 9999.0 9999.0 9999.0 24.45 0.44 9999.0 9999.0 24.41 0.1 9999.0 9999.0 9999.0 9999.0 2.286
Q1700-BX116 22.02 0.1 21.76 0.1 21.67 0.1 9999.0 9999.0 9999.0 9999.0 20.17 0.1 9999.0 9999.0 9999.0 9999.0 9999.0 9999.0 9999.0 9999.0 9999.0 9999.0 2.275
Q1700-BX1173 25.98 0.25 25.33 0.1 25.24 0.11 9999.0 9999.0 9999.0 9999.0 9999.0 9999.0 9999.0 9999.0 9999.0 9999.0 24.8 0.1 9999.0 9999.0 9999.0 9999.0 2.556
Q1700-BX1177 24.55 0.1 24.29 0.1 24.18 0.1 9999.0 9999.0 9999.0 9999.0 9999.0 9999.0 9999.0 9999.0 9999.0 9999.0 9999.0 9999.0 9999.0 9999.0 9999.0 9999.0 1.75
Q1700-BX1190 24.33 0.1 23.98 0.1 23.72 0.1 9999.0 9999.0 9999.0 9999.0 9999.0 9999.0 22.64 0.1 9999.0 9999.0 9999.0 9999.0 9999.0 9999.0 9999.0 9999.0 1.727
Q1700-BX1216 25.71 0.24 24.7 0.1 24.37 0.1 9999.0 9999.0 9999.0 9999.0 9999.0 9999.0 22.86 0.14 9999.0 9999.0 9999.0 9999.0 9999.0 9999.0 9999.0 9999.0 2.098
Q1700-BX1231 23.89 0.1 23.6 0.1 23.48 0.1 9999.0 9999.0 9999.0 9999.0 9999.0 9999.0 23.69 0.26 9999.0 9999.0 9999.0 9999.0 9999.0 9999.0 9999.0 9999.0 1.829
Q1700-BX238 25.94 0.32 24.75 0.1 24.3 0.1 9999.0 9999.0 9999.0 9999.0 9999.0 9999.0 22.79 0.2 9999.0 9999.0 9999.0 9999.0 9999.0 9999.0 9999.0 9999.0 2.124
Q1700-BX278 25.04 0.13 24.26 0.1 24.02 0.1 9999.0 9999.0 9999.0 9999.0 22.82 0.1 22.85 0.1 9999.0 9999.0 9999.0 9999.0 9999.0 9999.0 9999.0 9999.0 2.257
Q1700-BX351 24.82 0.12 24.32 0.1 24.29 0.1 23.87 0.12 9999.0 9999.0 23.46 0.23 23.43 0.2 9999.0 9999.0 9999.0 9999.0 9999.0 9999.0 9999.0 9999.0 1.977
Q1700-BX370 26.71 0.51 25.49 0.1 24.93 0.1 24.22 0.13 22.66 0.1 22.06 0.15 21.89 0.1 9999.0 9999.0 9999.0 9999.0 9999.0 9999.0 9999.0 9999.0 2.566
Q1700-BX372 25.01 0.14 24.6 0.1 24.38 0.1 9999.0 9999.0 9999.0 9999.0 9999.0 9999.0 9999.0 9999.0 9999.0 9999.0 9999.0 9999.0 9999.0 9999.0 9999.0 9999.0 2.296
Q1700-BX382 24.06 0.1 24.11 0.1 24.19 0.1 23.62 0.1 23.56 0.17 10.84 0.0 23.2 0.11 9999.0 9999.0 9999.0 9999.0 9999.0 9999.0 9999.0 9999.0 1.941
Q1700-BX384 26.06 0.35 24.8 0.1 24.48 0.1 23.45 0.1 22.47 0.1 21.73 0.1 21.67 0.1 21.55 0.11 9999.0 9999.0 9999.0 9999.0 9999.0 9999.0 2.293
Q1700-BX385 25.27 0.22 24.09 0.1 23.57 0.1 23.65 0.12 23.2 0.14 23.12 0.1 23.54 0.1 9999.0 9999.0 9999.0 9999.0 9999.0 9999.0 9999.0 9999.0 2.647
Q1700-BX400 23.97 0.1 23.51 0.1 23.17 0.1 9999.0 9999.0 9999.0 9999.0 21.34 0.1 9999.0 9999.0 9999.0 9999.0 9999.0 9999.0 9999.0 9999.0 9999.0 9999.0 1.847
Q1700-BX401 26.02 0.26 25.3 0.1 25.31 0.11 24.73 0.19 24.82 0.36 9999.0 9999.0 9999.0 9999.0 9999.0 9999.0 9999.0 9999.0 9999.0 9999.0 9999.0 9999.0 2.372
Q1700-BX412 24.43 0.1 23.91 0.1 23.67 0.1 22.65 0.1 22.11 0.1 22.1 0.1 22.11 0.1 22.1 0.15 9999.0 9999.0 9999.0 9999.0 9999.0 9999.0 1.982
Q1700-BX415 25.23 0.21 24.45 0.1 23.93 0.1 23.82 0.12 23.88 0.22 9999.0 9999.0 25.02 0.27 9999.0 9999.0 9999.0 9999.0 9999.0 9999.0 9999.0 9999.0 1.769
Q1700-BX420 26.32 0.47 24.76 0.1 24.13 0.1 24.07 0.15 23.35 0.14 24.47 0.29 9999.0 9999.0 9999.0 9999.0 9999.0 9999.0 9999.0 9999.0 9999.0 9999.0 1.923
Q1700-BX433 25.47 0.26 24.42 0.1 23.96 0.1 23.03 0.1 22.29 0.1 22.39 0.1 22.06 0.1 22.6 0.12 9999.0 9999.0 9999.0 9999.0 9999.0 9999.0 2.291
Q1700-BX439 26.31 0.33 25.42 0.1 25.16 0.1 24.42 0.15 23.51 0.12 22.99 0.14 22.88 0.15 9999.0 9999.0 9999.0 9999.0 9999.0 9999.0 9999.0 9999.0 1.78
Q1700-BX441 26.07 0.36 25.55 0.11 24.8 0.1 9999.0 9999.0 9999.0 9999.0 9999.0 9999.0 9999.0 9999.0 9999.0 9999.0 9999.0 9999.0 9999.0 9999.0 9999.0 9999.0 2.293
Q1700-BX463 25.03 0.13 24.33 0.1 24.2 0.1 23.5 0.1 23.05 0.1 23.22 0.11 23.07 0.1 22.93 0.29 24.23 0.1 9999.0 9999.0 9999.0 9999.0 2.289
Q1700-BX464 25.58 0.24 24.98 0.1 24.71 0.1 9999.0 9999.0 9999.0 9999.0 9999.0 9999.0 9999.0 9999.0 9999.0 9999.0 9999.0 9999.0 9999.0 9999.0 9999.0 9999.0 2.115
Q1700-BX465 25.79 0.22 24.88 0.1 24.64 0.1 23.45 0.1 22.94 0.1 23.23 0.35 22.44 0.18 9999.0 9999.0 9999.0 9999.0 9999.0 9999.0 9999.0 9999.0 2.009
Q1700-BX466 25.87 0.27 25.3 0.1 25.06 0.1 26.83 9999.0 9999.0 9999.0 9999.0 9999.0 9999.0 9999.0 9999.0 9999.0 25.15 0.1 9999.0 9999.0 9999.0 9999.0 2.329
Q1700-BX470 25.44 0.22 24.64 0.1 24.3 0.1 23.15 0.1 21.95 0.1 21.36 0.1 21.18 0.1 21.2 0.11 9999.0 9999.0 9999.0 9999.0 9999.0 9999.0 1.842
Q1700-BX471 25.36 0.17 24.86 0.1 24.56 0.1 9999.0 9999.0 9999.0 9999.0 22.71 0.1 9999.0 9999.0 9999.0 9999.0 9999.0 9999.0 9999.0 9999.0 9999.0 9999.0 2.264
Q1700-BX475 25.54 0.2 24.69 0.1 24.49 0.1 24.16 0.14 23.7 0.12 23.77 0.12 23.51 0.11 22.38 0.24 24.71 0.1 9999.0 9999.0 9999.0 9999.0 2.403
Q1700-BX487 25.31 0.17 24.91 0.1 24.85 0.1 24.47 0.2 24.67 0.42 24.28 0.24 24.48 0.4 9999.0 9999.0 9999.0 9999.0 9999.0 9999.0 9999.0 9999.0 2.089
Q1700-BX490 23.98 0.1 23.21 0.1 22.87 0.1 22.43 0.1 21.9 0.1 22.01 0.1 22.01 0.1 21.75 0.13 22.86 0.1 9999.0 9999.0 9999.0 9999.0 2.396
Q1700-BX490-CS10 26.44 0.26 26.06 0.14 25.99 0.2 25.63 0.33 9999.0 9999.0 9999.0 9999.0 9999.0 9999.0 9999.0 9999.0 25.91 0.1 9999.0 9999.0 9999.0 9999.0 1.97
Q1700-BX490-CS11 24.42 0.1 24.4 0.1 24.36 0.1 24.25 0.17 24.88 0.51 9999.0 9999.0 9999.0 9999.0 9999.0 9999.0 24.39 0.1 9999.0 9999.0 9999.0 9999.0 1.219
Q1700-BX490-CS14 26.64 0.34 25.94 0.11 26.23 0.22 25.38 0.23 24.78 0.23 9999.0 9999.0 9999.0 9999.0 9999.0 9999.0 25.95 0.1 9999.0 9999.0 9999.0 9999.0 1.867
Q1700-BX490b 24.53 0.1 24.34 0.1 23.88 0.1 22.17 0.1 21.52 0.1 20.87 0.1 20.78 0.1 21.03 0.1 23.64 0.1 9999.0 9999.0 9999.0 9999.0 1.466
Q1700-BX499 25.79 0.19 25.22 0.1 25.14 0.11 24.86 0.21 9999.0 9999.0 9999.0 9999.0 9999.0 9999.0 9999.0 9999.0 25.34 0.1 9999.0 9999.0 9999.0 9999.0 1.459
Q1700-BX505 26.62 0.52 25.33 0.1 24.94 0.1 23.81 0.1 22.8 0.1 22.13 0.1 22.01 0.1 21.99 0.17 24.83 0.1 9999.0 9999.0 9999.0 9999.0 2.308
Q1700-BX506 25.22 0.22 24.79 0.1 24.47 0.1 23.57 0.1 22.18 0.1 21.77 0.1 21.69 0.1 22.26 0.23 24.12 0.1 9999.0 9999.0 9999.0 9999.0 2.464
Q1700-BX507 25.52 0.22 25.06 0.1 24.69 0.1 24.02 0.13 24.15 0.25 23.46 0.15 22.77 0.1 21.8 0.25 9999.0 9999.0 9999.0 9999.0 9999.0 9999.0 1.761
Q1700-BX512 25.47 0.15 24.49 0.1 24.55 0.1 23.75 0.1 22.82 0.1 24.18 0.36 23.69 0.27 9999.0 9999.0 24.14 0.1 9999.0 9999.0 9999.0 9999.0 1.967
Q1700-BX515 25.15 0.2 24.74 0.1 24.31 0.1 24.02 0.14 23.38 0.14 24.03 0.35 24.02 0.32 9999.0 9999.0 24.44 0.1 9999.0 9999.0 9999.0 9999.0 2.504
Q1700-BX523 25.91 0.27 24.83 0.1 24.49 0.1 24.0 0.12 22.8 0.1 22.85 0.19 23.22 0.18 9999.0 9999.0 24.4 0.1 9999.0 9999.0 9999.0 9999.0 2.476
Q1700-BX525 26.45 0.44 25.53 0.1 25.1 0.1 25.35 0.39 23.23 0.1 23.37 0.2 23.28 0.1 22.88 0.25 25.25 0.1 9999.0 9999.0 9999.0 9999.0 2.391
Q1700-BX526 24.53 0.1 24.12 0.1 24.13 0.1 23.66 0.1 23.44 0.14 23.11 0.18 23.03 0.17 9999.0 9999.0 24.13 0.1 9999.0 9999.0 9999.0 9999.0 2.022
Q1700-BX529 24.4 0.1 24.15 0.1 24.16 0.1 23.67 0.1 23.37 0.13 9999.0 9999.0 24.47 0.43 9999.0 9999.0 24.98 0.1 9999.0 9999.0 9999.0 9999.0 2.87
Q1700-BX530 23.76 0.1 23.3 0.1 23.1 0.1 22.51 0.1 22.15 0.1 21.97 0.1 21.97 0.1 9999.0 9999.0 9999.0 9999.0 9999.0 9999.0 9999.0 9999.0 1.943
Q1700-BX532 24.49 0.11 24.08 0.1 23.73 0.1 22.44 0.1 21.9 0.1 21.32 0.1 21.28 0.1 21.54 0.18 24.16 0.1 9999.0 9999.0 9999.0 9999.0 2.334
Q1700-BX535 28.16 9999.0 25.7 0.1 25.2 0.1 24.92 0.23 23.64 0.12 22.63 0.1 22.51 0.1 22.51 0.17 25.08 0.1 9999.0 9999.0 9999.0 9999.0 2.637
Q1700-BX536 23.94 0.1 23.16 0.1 22.94 0.1 22.01 0.1 21.63 0.1 21.09 0.1 21.08 0.1 21.0 0.1 22.77 0.1 9999.0 9999.0 9999.0 9999.0 1.978
Q1700-BX541 24.85 0.1 24.45 0.1 24.35 0.1 9999.0 9999.0 9999.0 9999.0 9999.0 9999.0 22.84 0.11 9999.0 9999.0 9999.0 9999.0 9999.0 9999.0 9999.0 9999.0 2.117
Q1700-BX547 25.04 0.15 24.59 0.1 24.42 0.1 23.93 0.13 23.59 0.16 23.55 0.25 23.73 0.27 9999.0 9999.0 24.63 0.1 9999.0 9999.0 9999.0 9999.0 1.842
Q1700-BX553 25.09 0.14 24.4 0.1 24.32 0.1 23.91 0.12 23.59 0.13 9999.0 9999.0 24.51 0.41 9999.0 9999.0 24.51 0.1 9999.0 9999.0 9999.0 9999.0 2.472
Q1700-BX555 25.62 0.32 24.34 0.1 23.75 0.1 24.02 0.19 23.92 0.29 24.23 0.36 23.86 0.28 9999.0 9999.0 25.23 0.1 9999.0 9999.0 9999.0 9999.0 2.239
Q1700-BX561 25.8 0.39 24.67 0.1 24.37 0.1 23.25 0.1 21.94 0.1 21.72 0.1 21.47 0.1 21.19 0.1 25.66 0.1 9999.0 9999.0 9999.0 9999.0 2.433
Q1700-BX563 24.73 0.19 23.82 0.1 23.25 0.1 22.71 0.1 22.22 0.1 21.76 0.1 22.08 0.1 21.95 0.19 23.7 0.1 9999.0 9999.0 9999.0 9999.0 2.291
Q1700-BX564 24.34 0.16 23.82 0.1 23.37 0.1 23.48 0.14 23.35 0.18 22.34 0.11 22.46 0.12 9999.0 9999.0 24.05 0.1 9999.0 9999.0 9999.0 9999.0 2.293
Q1700-BX565 26.31 0.33 25.58 0.1 25.21 0.1 25.69 0.31 26.12 0.4 22.83 0.1 23.09 0.18 9999.0 9999.0 25.22 0.1 24.88 0.1 9999.0 9999.0 2.474
Q1700-BX568 25.22 0.17 24.28 0.1 23.85 0.1 23.31 0.1 22.64 0.1 22.75 0.1 22.63 0.1 22.53 0.27 23.77 0.1 9999.0 9999.0 9999.0 9999.0 2.335
Q1700-BX574 24.93 0.14 24.37 0.1 24.11 0.1 23.07 0.1 22.47 0.1 22.35 0.1 22.3 0.1 21.9 0.23 23.88 0.1 9999.0 9999.0 9999.0 9999.0 1.847
Q1700-BX575 24.55 0.11 23.98 0.1 23.8 0.1 23.52 0.1 23.2 0.11 23.2 0.16 23.14 0.1 22.92 0.23 24.52 0.1 24.37 0.1 9999.0 9999.0 2.433
Q1700-BX581 24.79 0.11 24.2 0.1 23.94 0.1 23.42 0.1 22.57 0.1 22.95 0.1 22.87 0.1 22.28 0.16 24.03 0.1 9999.0 9999.0 9999.0 9999.0 2.401
Q1700-BX585 25.71 0.2 24.8 0.1 24.73 0.1 24.8 0.18 23.77 0.13 23.54 0.15 23.6 0.23 9999.0 9999.0 25.27 0.1 9999.0 9999.0 9999.0 9999.0 2.307
Q1700-BX587 25.79 0.28 24.69 0.1 24.42 0.1 24.15 0.16 22.91 0.1 22.78 0.1 22.71 0.1 22.51 0.17 24.76 0.1 23.8 0.1 9999.0 9999.0 1.918
Q1700-BX588 26.48 0.49 25.11 0.1 24.65 0.1 24.1 0.14 23.95 0.2 23.7 0.15 23.82 0.11 9999.0 9999.0 24.75 0.1 24.24 0.1 9999.0 9999.0 2.537
Q1700-BX589 26.9 0.54 25.88 0.1 25.66 0.12 25.55 0.39 23.83 0.14 9999.0 9999.0 9999.0 9999.0 9999.0 9999.0 25.63 0.1 9999.0 9999.0 9999.0 9999.0 2.402
Q1700-BX591 25.74 0.28 24.84 0.1 24.54 0.1 24.05 0.13 24.02 0.22 23.26 0.1 23.53 0.11 9999.0 9999.0 24.5 0.1 9999.0 9999.0 9999.0 9999.0 2.681
Q1700-BX592 25.85 0.31 24.81 0.1 24.54 0.1 24.12 0.15 23.39 0.14 23.18 0.12 23.13 0.1 9999.0 9999.0 9999.0 9999.0 24.34 0.1 9999.0 9999.0 2.473
Q1700-BX594 25.71 0.24 24.88 0.1 24.62 0.1 24.57 0.22 23.45 0.13 23.81 0.32 23.43 0.21 9999.0 9999.0 26.61 0.1 9999.0 9999.0 9999.0 9999.0 2.033
Q1700-BX603 26.01 0.28 24.77 0.1 24.52 0.1 9999.0 9999.0 9999.0 9999.0 9999.0 9999.0 9999.0 9999.0 9999.0 9999.0 9999.0 9999.0 9999.0 9999.0 9999.0 9999.0 2.677
Q1700-BX604 25.34 0.19 24.8 0.1 24.61 0.1 24.39 0.14 23.44 0.11 23.19 0.1 23.15 0.1 9999.0 9999.0 24.49 0.1 9999.0 9999.0 9999.0 9999.0 2.2
Q1700-BX607 25.07 0.15 25.02 0.1 24.96 0.1 23.72 0.1 23.43 0.11 23.97 0.21 23.73 0.15 9999.0 9999.0 24.55 0.1 9999.0 9999.0 9999.0 9999.0 1.611
Q1700-BX609 25.85 0.31 24.69 0.1 24.1 0.1 24.8 0.22 23.05 0.11 23.26 0.1 23.11 0.12 22.94 0.28 24.15 0.1 9999.0 9999.0 23.4 0.1 2.57
Q1700-BX623 25.15 0.19 24.55 0.1 24.24 0.1 23.38 0.1 23.07 0.12 23.01 0.18 22.96 0.16 21.82 0.17 25.74 0.1 9999.0 9999.0 9999.0 9999.0 1.568
Q1700-BX625 24.83 0.1 24.29 0.1 24.21 0.1 23.97 0.13 23.82 0.14 23.31 0.17 23.29 0.14 9999.0 9999.0 24.63 0.1 9999.0 9999.0 9999.0 9999.0 2.075
Q1700-BX627 24.47 0.1 24.33 0.1 24.41 0.1 23.92 0.1 23.64 0.14 9999.0 9999.0 23.67 0.23 9999.0 9999.0 9999.0 9999.0 9999.0 9999.0 9999.0 9999.0 1.48
Q1700-BX632 25.97 0.27 25.4 0.1 25.26 0.1 25.59 0.45 9999.0 9999.0 10.82 0.0 9999.0 9999.0 9999.0 9999.0 25.54 0.1 9999.0 9999.0 23.97 0.1 2.237
Q1700-BX634 25.3 0.19 24.94 0.1 24.6 0.1 23.11 0.1 22.51 0.1 22.25 0.11 22.02 0.1 22.29 0.23 24.33 0.1 9999.0 9999.0 9999.0 9999.0 1.606
Q1700-BX635 25.12 0.13 24.88 0.1 24.79 0.1 24.33 0.16 9999.0 9999.0 9999.0 9999.0 9999.0 9999.0 9999.0 9999.0 25.49 0.1 9999.0 9999.0 24.74 0.1 1.86
Q1700-BX643 25.3 0.16 25.17 0.1 25.04 0.1 23.59 0.1 23.29 0.1 22.53 0.13 9999.0 9999.0 21.91 0.17 24.61 0.1 9999.0 9999.0 9999.0 9999.0 1.957
Q1700-BX649 26.12 0.31 25.14 0.1 24.95 0.1 24.56 0.15 23.54 0.1 22.87 0.1 22.72 0.1 9999.0 9999.0 24.65 0.1 9999.0 9999.0 9999.0 9999.0 2.295
Q1700-BX661 24.72 0.14 24.65 0.1 24.23 0.1 23.56 0.11 23.35 0.16 9999.0 9999.0 23.62 0.23 9999.0 9999.0 24.71 0.1 23.97 0.1 9999.0 9999.0 1.946
Q1700-BX663 26.71 0.42 25.69 0.1 25.28 0.1 9999.0 9999.0 9999.0 9999.0 9999.0 9999.0 23.84 0.38 9999.0 9999.0 9999.0 9999.0 9999.0 9999.0 9999.0 9999.0 2.754
Q1700-BX665 24.79 0.12 24.02 0.1 23.87 0.1 22.58 0.1 22.31 0.1 21.65 0.13 21.73 0.1 9999.0 9999.0 23.58 0.1 22.59 0.1 9999.0 9999.0 1.845
Q1700-BX666 24.7 0.1 24.23 0.1 24.14 0.1 23.85 0.12 9999.0 9999.0 9999.0 9999.0 23.57 0.22 9999.0 9999.0 9999.0 9999.0 9999.0 9999.0 9999.0 9999.0 1.61
Q1700-BX670 25.3 0.19 24.17 0.1 24.16 0.1 24.48 0.23 23.33 0.14 9999.0 9999.0 9999.0 9999.0 9999.0 9999.0 24.5 0.1 24.59 0.1 23.76 0.1 2.742
Q1700-BX681 22.61 0.1 22.29 0.1 22.08 0.1 21.48 0.1 20.95 0.1 20.88 0.1 20.7 0.1 20.9 0.1 22.18 0.1 9999.0 9999.0 9999.0 9999.0 1.74
Q1700-BX684 25.33 0.16 24.81 0.1 24.77 0.1 24.77 0.17 24.44 0.2 9999.0 9999.0 9999.0 9999.0 9999.0 9999.0 9999.0 9999.0 9999.0 9999.0 9999.0 9999.0 2.292
Q1700-BX689 25.66 0.24 24.64 0.1 24.26 0.1 9999.0 9999.0 9999.0 9999.0 9999.0 9999.0 9999.0 9999.0 9999.0 9999.0 9999.0 9999.0 9999.0 9999.0 9999.0 9999.0 2.283
Q1700-BX691 26.5 0.4 25.22 0.1 24.94 0.1 23.58 0.1 22.83 0.1 21.62 0.1 21.44 0.1 21.15 0.1 24.37 0.1 9999.0 9999.0 22.64 0.1 2.189
Q1700-BX705 24.76 0.24 23.68 0.1 22.72 0.1 22.83 0.11 24.71 0.77 9999.0 9999.0 9999.0 9999.0 9999.0 9999.0 23.84 0.1 9999.0 9999.0 9999.0 9999.0 2.307
Q1700-BX708 25.13 0.2 24.14 0.1 23.79 0.1 23.37 0.1 24.34 0.31 9999.0 9999.0 9999.0 9999.0 9999.0 9999.0 9999.0 9999.0 9999.0 9999.0 9999.0 9999.0 2.399
Q1700-BX709 25.79 0.27 25.28 0.1 25.32 0.1 24.61 0.17 23.98 0.16 9999.0 9999.0 9999.0 9999.0 9999.0 9999.0 24.74 0.1 23.88 0.1 23.72 0.1 2.29
Q1700-BX710 24.82 0.16 24.14 0.1 23.78 0.1 23.05 0.1 22.3 0.1 22.07 0.1 21.93 0.1 21.66 0.14 23.93 0.1 9999.0 9999.0 9999.0 9999.0 2.295
Q1700-BX710-CS10 26.17 0.59 26.08 0.14 25.48 0.12 25.95 0.6 24.48 0.27 9999.0 9999.0 9999.0 9999.0 9999.0 9999.0 26.02 0.1 9999.0 9999.0 9999.0 9999.0 2.299
Q1700-BX710-CS7 25.68 0.24 25.36 0.1 24.68 0.1 23.93 0.1 23.08 0.1 22.13 0.1 21.99 0.1 22.12 0.2 24.36 0.1 9999.0 9999.0 9999.0 9999.0 2.288
Q1700-BX711 25.63 0.19 24.82 0.1 24.62 0.1 24.39 0.13 24.45 0.17 9999.0 9999.0 26.74 0.42 9999.0 9999.0 9999.0 9999.0 9999.0 9999.0 9999.0 9999.0 2.295
Q1700-BX713 25.18 0.16 24.37 0.1 24.01 0.1 23.34 0.1 22.9 0.1 9999.0 9999.0 9999.0 9999.0 9999.0 9999.0 24.56 0.1 9999.0 9999.0 9999.0 9999.0 2.138
Q1700-BX717 25.58 0.2 24.82 0.1 24.75 0.1 25.05 0.22 24.04 0.16 9999.0 9999.0 9999.0 9999.0 9999.0 9999.0 25.89 0.1 26.08 0.1 24.34 0.1 2.436
Q1700-BX720 25.63 0.25 24.95 0.1 24.56 0.1 23.56 0.1 22.69 0.1 21.63 0.1 21.43 0.1 21.42 0.13 24.28 0.1 22.96 0.1 22.85 0.1 1.741
Q1700-BX724 25.58 0.25 24.73 0.1 24.48 0.1 24.3 0.15 23.17 0.1 9999.0 9999.0 9999.0 9999.0 9999.0 9999.0 24.44 0.1 9999.0 9999.0 9999.0 9999.0 2.645
Q1700-BX728 26.2 0.4 24.94 0.1 24.39 0.1 24.05 0.13 23.94 0.2 9999.0 9999.0 9999.0 9999.0 9999.0 9999.0 25.08 0.1 9999.0 9999.0 9999.0 9999.0 2.465
Q1700-BX729 24.52 0.1 24.07 0.1 24.02 0.1 23.63 0.1 23.38 0.1 23.4 0.28 22.56 0.11 21.77 0.2 24.08 0.1 9999.0 9999.0 9999.0 9999.0 2.399
Q1700-BX729-CS3 25.39 0.2 24.96 0.1 24.01 0.1 23.43 0.1 22.9 0.1 22.78 0.2 23.25 0.19 9999.0 9999.0 23.73 0.1 9999.0 9999.0 9999.0 9999.0 1.975
Q1700-BX729-CS4 25.79 0.29 25.48 0.1 24.97 0.1 24.86 0.24 23.73 0.15 9999.0 9999.0 9999.0 9999.0 9999.0 9999.0 24.88 0.1 9999.0 9999.0 9999.0 9999.0 2.291
Q1700-BX734 25.24 0.15 24.86 0.1 24.58 0.1 24.01 0.12 9999.0 9999.0 9999.0 9999.0 22.12 0.14 9999.0 9999.0 9999.0 9999.0 9999.0 9999.0 9999.0 9999.0 1.739
Q1700-BX752 26.03 0.35 25.26 0.1 24.7 0.1 24.26 0.12 22.93 0.1 22.36 0.1 22.13 0.1 21.61 0.18 24.7 0.1 9999.0 9999.0 9999.0 9999.0 2.4
Q1700-BX756 24.0 0.1 23.45 0.1 23.08 0.1 22.76 0.1 22.38 0.1 9999.0 9999.0 21.73 0.1 9999.0 9999.0 23.29 0.1 22.93 0.1 22.69 0.1 1.739
Q1700-BX759 25.96 0.3 24.66 0.1 24.41 0.1 23.56 0.1 22.97 0.1 23.29 0.37 22.75 0.14 9999.0 9999.0 24.18 0.1 23.15 0.1 22.84 0.1 2.308
Q1700-BX763 24.99 0.13 24.32 0.1 24.15 0.1 23.66 0.1 22.85 0.1 22.97 0.2 22.55 0.15 9999.0 9999.0 24.1 0.1 9999.0 9999.0 9999.0 9999.0 2.292
Q1700-BX767 25.47 0.22 24.61 0.1 24.2 0.1 22.72 0.1 21.7 0.1 9999.0 9999.0 20.61 0.1 9999.0 9999.0 23.71 0.1 9999.0 9999.0 22.03 0.1 1.844
Q1700-BX772 25.71 0.23 25.09 0.1 24.72 0.1 24.56 0.17 23.37 0.11 9999.0 9999.0 24.63 0.4 9999.0 9999.0 9999.0 9999.0 24.33 0.1 23.94 0.1 2.342
Q1700-BX782 24.39 0.1 23.88 0.1 23.76 0.1 22.93 0.1 22.89 0.1 22.26 0.1 22.11 0.1 9999.0 9999.0 23.77 0.1 9999.0 9999.0 9999.0 9999.0 1.93
Q1700-BX789 26.55 0.55 25.57 0.1 25.05 0.1 9999.0 9999.0 9999.0 9999.0 9999.0 9999.0 9999.0 9999.0 9999.0 9999.0 9999.0 9999.0 9999.0 9999.0 9999.0 9999.0 2.299
Q1700-BX794 24.45 0.1 23.9 0.1 23.73 0.1 23.13 0.1 22.78 0.1 9999.0 9999.0 23.34 0.25 9999.0 9999.0 9999.0 9999.0 9999.0 9999.0 9999.0 9999.0 2.248
Q1700-BX801 25.08 0.15 24.01 0.1 23.82 0.1 23.38 0.1 9999.0 9999.0 9999.0 9999.0 21.9 0.21 9999.0 9999.0 9999.0 9999.0 9999.0 9999.0 9999.0 9999.0 2.038
Q1700-BX804 25.87 0.25 25.12 0.1 24.83 0.1 24.57 0.2 22.85 0.1 9999.0 9999.0 9999.0 9999.0 9999.0 9999.0 9999.0 9999.0 9999.0 9999.0 9999.0 9999.0 2.265
Q1700-BX810 25.79 0.24 24.97 0.1 24.68 0.1 23.69 0.1 22.75 0.1 23.46 0.27 9999.0 9999.0 9999.0 9999.0 9999.0 9999.0 9999.0 9999.0 9999.0 9999.0 2.292
Q1700-BX826 24.74 0.12 24.42 0.1 24.46 0.1 23.51 0.1 22.93 0.1 9999.0 9999.0 23.31 0.25 9999.0 9999.0 24.2 0.1 9999.0 9999.0 9999.0 9999.0 1.977
Q1700-BX830 24.71 0.14 24.94 0.1 24.83 0.1 23.08 0.1 23.05 0.12 9999.0 9999.0 9999.0 9999.0 9999.0 9999.0 25.39 0.1 9999.0 9999.0 9999.0 9999.0 1.709
Q1700-BX841 24.88 0.11 24.58 0.1 24.6 0.1 24.55 0.2 24.22 0.26 9999.0 9999.0 22.94 0.1 9999.0 9999.0 25.76 0.1 9999.0 9999.0 9999.0 9999.0 1.845
Q1700-BX843 25.36 0.13 24.71 0.1 24.51 0.1 23.55 0.1 23.18 0.1 22.94 0.28 22.61 0.14 9999.0 9999.0 24.22 0.1 9999.0 9999.0 9999.0 9999.0 1.768
Q1700-BX846 24.8 0.1 23.83 0.1 23.71 0.1 22.78 0.1 22.37 0.1 9999.0 9999.0 21.91 0.1 9999.0 9999.0 23.65 0.1 9999.0 9999.0 9999.0 9999.0 1.847
Q1700-BX851 26.47 0.5 25.7 0.13 25.02 0.1 25.91 0.69 25.43 0.77 9999.0 9999.0 9999.0 9999.0 9999.0 9999.0 25.52 0.1 9999.0 9999.0 9999.0 9999.0 2.345
Q1700-BX879 25.42 0.27 24.02 0.1 23.38 0.1 22.63 0.1 22.81 0.1 9999.0 9999.0 22.81 0.11 9999.0 9999.0 9999.0 9999.0 9999.0 9999.0 9999.0 9999.0 2.306
Q1700-BX880 25.94 0.27 24.99 0.1 24.83 0.1 24.71 0.21 24.35 0.26 9999.0 9999.0 23.54 0.29 9999.0 9999.0 25.09 0.1 9999.0 9999.0 9999.0 9999.0 2.437
Q1700-BX888 24.54 0.12 24.03 0.1 23.79 0.1 22.47 0.1 22.2 0.1 9999.0 9999.0 9999.0 9999.0 9999.0 9999.0 9999.0 9999.0 9999.0 9999.0 9999.0 9999.0 2.265
Q1700-BX893 24.92 0.12 24.31 0.1 24.35 0.1 24.13 0.14 24.3 0.26 9999.0 9999.0 9999.0 9999.0 9999.0 9999.0 24.39 0.1 9999.0 9999.0 9999.0 9999.0 2.308
Q1700-BX898 24.31 0.13 23.5 0.1 23.16 0.1 22.63 0.1 22.81 0.13 9999.0 9999.0 23.66 0.24 9999.0 9999.0 24.42 0.1 9999.0 9999.0 9999.0 9999.0 2.289
Q1700-BX903 24.98 0.16 24.58 0.1 24.37 0.1 23.39 0.1 23.54 0.17 9999.0 9999.0 22.68 0.12 9999.0 9999.0 24.44 0.1 9999.0 9999.0 9999.0 9999.0 1.976
Q1700-BX909 24.99 0.16 24.09 0.1 23.76 0.1 22.96 0.1 22.22 0.1 21.58 0.1 21.85 0.2 20.93 0.3 9999.0 9999.0 9999.0 9999.0 9999.0 9999.0 2.293
Q1700-BX911 24.66 0.13 24.34 0.1 24.03 0.1 23.08 0.1 22.85 0.1 9999.0 9999.0 22.25 0.1 9999.0 9999.0 23.83 0.1 9999.0 9999.0 9999.0 9999.0 1.741
Q1700-BX913 25.3 0.28 24.38 0.1 23.69 0.1 23.09 0.1 22.12 0.1 9999.0 9999.0 9999.0 9999.0 9999.0 9999.0 23.97 0.1 9999.0 9999.0 9999.0 9999.0 2.29
Q1700-BX917 25.39 0.18 24.55 0.1 24.27 0.1 23.52 0.1 22.49 0.1 9999.0 9999.0 21.78 0.1 9999.0 9999.0 24.45 0.1 9999.0 9999.0 9999.0 9999.0 2.307
Q1700-BX918 24.93 0.12 24.39 0.1 24.21 0.1 23.26 0.1 22.88 0.1 9999.0 9999.0 22.84 0.2 9999.0 9999.0 24.05 0.1 9999.0 9999.0 9999.0 9999.0 2.306
Q1700-BX919 25.13 0.12 24.34 0.1 24.27 0.1 23.53 0.1 23.59 0.14 9999.0 9999.0 22.96 0.1 9999.0 9999.0 24.29 0.1 9999.0 9999.0 9999.0 9999.0 2.298
Q1700-BX928 25.35 0.22 23.94 0.1 23.3 0.1 22.6 0.1 22.29 0.1 9999.0 9999.0 22.27 0.37 9999.0 9999.0 23.63 0.1 9999.0 9999.0 9999.0 9999.0 2.751
Q1700-BX929 24.24 0.1 23.69 0.1 23.52 0.1 22.46 0.1 22.34 0.1 9999.0 9999.0 22.45 0.11 9999.0 9999.0 24.13 0.1 9999.0 9999.0 9999.0 9999.0 2.306
Q1700-BX931 26.77 0.56 25.65 0.1 25.21 0.1 25.08 0.28 23.48 0.11 9999.0 9999.0 23.27 0.12 9999.0 9999.0 9999.0 9999.0 9999.0 9999.0 9999.0 9999.0 2.248
Q1700-BX935 26.09 0.28 25.37 0.1 25.19 0.1 9999.0 9999.0 9999.0 9999.0 9999.0 9999.0 9999.0 9999.0 9999.0 9999.0 9999.0 9999.0 9999.0 9999.0 9999.0 9999.0 2.285
Q1700-BX937 25.95 0.23 25.19 0.1 25.13 0.1 25.47 0.29 25.81 0.48 9999.0 9999.0 9999.0 9999.0 20.39 0.21 25.15 0.1 9999.0 9999.0 9999.0 9999.0 2.166
Q1700-BX939 25.66 0.23 24.9 0.1 24.6 0.1 23.44 0.1 23.28 0.1 9999.0 9999.0 23.15 0.16 9999.0 9999.0 25.31 0.1 9999.0 9999.0 9999.0 9999.0 2.297
Q1700-BX948 25.34 0.16 24.89 0.1 24.91 0.1 24.37 0.16 24.01 0.2 9999.0 9999.0 9999.0 9999.0 9999.0 9999.0 9999.0 9999.0 9999.0 9999.0 9999.0 9999.0 2.128
Q1700-BX949 24.79 0.1 24.38 0.1 24.38 0.1 23.94 0.1 24.34 0.13 22.17 0.12 23.45 0.42 9999.0 9999.0 24.5 0.1 9999.0 9999.0 9999.0 9999.0 2.166
Q1700-BX950 25.75 0.27 24.66 0.1 24.23 0.1 23.77 0.11 22.62 0.1 9999.0 9999.0 23.03 0.19 9999.0 9999.0 24.43 0.1 9999.0 9999.0 9999.0 9999.0 2.295
Q1700-BX951 24.4 0.12 23.45 0.1 23.11 0.1 22.29 0.1 21.63 0.1 9999.0 9999.0 21.9 0.1 9999.0 9999.0 23.36 0.1 9999.0 9999.0 9999.0 9999.0 2.305
Q1700-BX972 25.36 0.22 24.77 0.1 24.55 0.1 24.13 0.14 22.92 0.1 9999.0 9999.0 22.7 0.26 9999.0 9999.0 9999.0 9999.0 9999.0 9999.0 9999.0 9999.0 2.181
Q1700-BX973 24.83 0.15 24.24 0.1 23.86 0.1 23.37 0.1 22.7 0.1 9999.0 9999.0 22.81 0.1 9999.0 9999.0 23.96 0.1 9999.0 9999.0 9999.0 9999.0 2.11
Q1700-BX975 25.45 0.24 24.56 0.1 24.11 0.1 23.35 0.1 9999.0 9999.0 9999.0 9999.0 9999.0 9999.0 9999.0 9999.0 9999.0 9999.0 9999.0 9999.0 9999.0 9999.0 2.267
Q1700-BX981 26.87 0.46 25.62 0.1 25.33 0.1 24.6 0.15 23.76 0.12 9999.0 9999.0 22.47 0.1 9999.0 9999.0 24.77 0.1 9999.0 9999.0 9999.0 9999.0 2.598
Q1700-BX984 24.42 0.1 23.78 0.1 23.53 0.1 22.69 0.1 22.07 0.1 9999.0 9999.0 22.21 0.1 9999.0 9999.0 23.44 0.1 9999.0 9999.0 9999.0 9999.0 2.296
Q1700-BX986 23.86 0.1 23.4 0.1 23.21 0.1 9999.0 9999.0 9999.0 9999.0 9999.0 9999.0 9999.0 9999.0 9999.0 9999.0 9999.0 9999.0 9999.0 9999.0 9999.0 9999.0 1.741
Q1700-BX991 24.92 0.12 24.32 0.1 24.03 0.1 23.38 0.1 23.16 0.11 9999.0 9999.0 23.53 0.27 9999.0 9999.0 23.89 0.1 9999.0 9999.0 9999.0 9999.0 2.297
Q1700-BX998 25.75 0.26 24.76 0.1 24.42 0.1 9999.0 9999.0 9999.0 9999.0 9999.0 9999.0 22.91 0.11 9999.0 9999.0 9999.0 9999.0 9999.0 9999.0 9999.0 9999.0 2.064
Q1700-BX999 24.09 0.1 23.69 0.1 23.59 0.1 23.17 0.1 22.58 0.1 9999.0 9999.0 9999.0 9999.0 9999.0 9999.0 9999.0 9999.0 9999.0 9999.0 9999.0 9999.0 1.679
Q1700-C1 28.18 9999.0 25.59 0.1 25.1 0.1 9999.0 9999.0 9999.0 9999.0 24.8 0.42 9999.0 9999.0 9999.0 9999.0 9999.0 9999.0 9999.0 9999.0 9999.0 9999.0 3.062
Q1700-C10 28.87 9999.0 25.06 0.1 24.06 0.1 9999.0 9999.0 9999.0 9999.0 22.83 0.16 23.1 0.16 9999.0 9999.0 9999.0 9999.0 9999.0 9999.0 9999.0 9999.0 2.921
Q1700-C12 27.41 9999.0 24.57 0.1 23.86 0.1 9999.0 9999.0 9999.0 9999.0 20.8 0.1 9999.0 9999.0 9999.0 9999.0 9999.0 9999.0 9999.0 9999.0 9999.0 9999.0 2.309
Q1700-C23 28.25 9999.0 24.72 0.1 24.1 0.1 24.0 0.13 23.09 0.1 24.0 0.3 24.27 0.36 9999.0 9999.0 9999.0 9999.0 9999.0 9999.0 9999.0 9999.0 3.255
Q1700-C26 28.16 9999.0 25.2 0.1 24.58 0.1 24.8 0.25 23.42 0.12 23.02 0.1 22.87 0.1 22.81 0.29 24.65 0.1 9999.0 9999.0 9999.0 9999.0 2.906
Q1700-C27 28.83 9999.0 24.98 0.1 24.38 0.1 23.82 0.12 22.84 0.1 22.45 0.1 22.31 0.1 21.96 0.13 24.31 0.1 9999.0 9999.0 9999.0 9999.0 2.904
Q1700-C34 29.4 9999.0 25.52 0.1 24.82 0.1 24.85 0.24 23.24 0.1 9999.0 9999.0 9999.0 9999.0 9999.0 9999.0 9999.0 9999.0 9999.0 9999.0 9999.0 9999.0 3.316
Q1700-C35 28.11 9999.0 25.26 0.1 25.05 0.1 25.33 0.35 25.32 0.59 9999.0 9999.0 9999.0 9999.0 9999.0 9999.0 9999.0 9999.0 9999.0 9999.0 9999.0 9999.0 3.032
Q1700-C40 27.45 9999.0 24.72 0.1 23.38 0.1 22.63 0.1 22.05 0.1 9999.0 9999.0 22.07 0.13 9999.0 9999.0 23.97 0.1 9999.0 9999.0 9999.0 9999.0 3.184
Q1700-C42 29.16 9999.0 25.6 0.11 24.68 0.1 24.27 0.15 24.4 0.3 9999.0 9999.0 9999.0 9999.0 9999.0 9999.0 24.69 0.1 9999.0 9999.0 9999.0 9999.0 3.259
Q1700-C46 27.94 9999.0 25.37 0.11 24.44 0.1 23.97 0.14 24.53 0.41 9999.0 9999.0 9999.0 9999.0 9999.0 9999.0 24.13 0.1 9999.0 9999.0 9999.0 9999.0 3.004
Q1700-C5 28.49 9999.0 24.8 0.1 24.04 0.1 9999.0 9999.0 9999.0 9999.0 23.75 0.29 9999.0 9999.0 9999.0 9999.0 9999.0 9999.0 9999.0 9999.0 9999.0 9999.0 3.074
Q1700-C50 28.34 9999.0 25.07 0.1 24.69 0.1 24.58 0.19 25.31 0.63 9999.0 9999.0 9999.0 9999.0 9999.0 9999.0 24.48 0.1 9999.0 9999.0 9999.0 9999.0 2.871
Q1700-C52 28.28 9999.0 24.92 0.1 24.22 0.1 25.65 0.63 23.93 0.22 9999.0 9999.0 23.39 0.15 9999.0 9999.0 24.8 0.1 9999.0 9999.0 9999.0 9999.0 2.985
Q1700-C7 29.06 9999.0 25.54 0.1 24.61 0.1 9999.0 9999.0 9999.0 9999.0 23.18 0.1 22.9 0.16 9999.0 9999.0 9999.0 9999.0 9999.0 9999.0 9999.0 9999.0 3.032
Q1700-C9 28.01 9999.0 25.07 0.1 24.37 0.1 9999.0 9999.0 9999.0 9999.0 23.02 0.1 22.79 0.1 22.87 0.28 9999.0 9999.0 9999.0 9999.0 9999.0 9999.0 2.931
Q1700-D17 26.69 0.52 24.94 0.1 24.74 0.1 24.08 0.13 9999.0 9999.0 22.84 0.15 22.62 0.11 22.42 0.19 9999.0 9999.0 9999.0 9999.0 9999.0 9999.0 3.123
Q1700-D19 27.35 9999.0 24.69 0.1 23.9 0.1 24.13 0.24 9999.0 9999.0 9999.0 9999.0 23.76 0.28 9999.0 9999.0 9999.0 9999.0 9999.0 9999.0 9999.0 9999.0 2.842
Q1700-D20 27.87 9999.0 25.09 0.1 23.96 0.1 23.93 0.14 22.81 0.1 22.51 0.1 22.41 0.1 22.39 0.19 9999.0 9999.0 9999.0 9999.0 9999.0 9999.0 3.006
Q1700-D23 27.66 9999.0 24.76 0.1 24.13 0.1 24.0 0.13 23.67 0.17 23.33 0.1 23.29 0.11 9999.0 9999.0 9999.0 9999.0 9999.0 9999.0 9999.0 9999.0 2.858
Q1700-D25 25.91 0.39 24.12 0.1 23.87 0.1 23.53 0.1 22.95 0.1 23.16 0.12 22.87 0.1 22.93 0.26 9999.0 9999.0 9999.0 9999.0 9999.0 9999.0 2.904
Q1700-D28 26.17 0.3 24.95 0.1 25.01 0.1 25.0 0.25 24.27 0.22 25.19 0.43 9999.0 9999.0 22.82 0.28 24.81 0.1 9999.0 9999.0 9999.0 9999.0 2.804
Q1700-D31 26.6 0.68 24.98 0.1 24.42 0.1 24.02 0.14 24.64 0.44 9999.0 9999.0 23.69 0.25 9999.0 9999.0 9999.0 9999.0 9999.0 9999.0 9999.0 9999.0 3.023
Q1700-D32 27.95 9999.0 25.05 0.1 24.46 0.1 24.64 0.24 23.41 0.13 23.13 0.17 23.04 0.12 9999.0 9999.0 24.73 0.1 9999.0 9999.0 9999.0 9999.0 2.685
Q1700-D36 28.03 9999.0 25.81 0.13 25.52 0.15 26.64 9999.0 25.73 0.63 9999.0 9999.0 9999.0 9999.0 9999.0 9999.0 9999.0 9999.0 9999.0 9999.0 9999.0 9999.0 3.213
Q1700-D39 28.21 9999.0 24.96 0.1 24.32 0.1 24.62 0.25 23.64 0.18 23.12 0.2 23.33 0.19 9999.0 9999.0 24.3 0.1 24.16 0.1 23.98 0.1 2.984
Q1700-D4 28.26 9999.0 25.68 0.11 24.84 0.1 9999.0 9999.0 9999.0 9999.0 9999.0 9999.0 9999.0 9999.0 9999.0 9999.0 9999.0 9999.0 9999.0 9999.0 9999.0 9999.0 2.936
Q1700-D44 28.29 9999.0 25.23 0.1 24.63 0.1 24.69 0.22 23.77 0.17 9999.0 9999.0 23.85 0.36 9999.0 9999.0 9999.0 9999.0 9999.0 9999.0 24.18 0.1 2.897
Q1700-D46 28.33 9999.0 24.84 0.1 23.83 0.1 23.59 0.1 23.57 0.1 21.98 0.1 21.89 0.1 21.47 0.14 23.64 0.1 9999.0 9999.0 9999.0 9999.0 3.476
Q1700-D48 26.51 0.54 25.28 0.1 24.58 0.1 23.66 0.1 22.91 0.1 9999.0 9999.0 22.33 0.11 9999.0 9999.0 24.34 0.1 9999.0 9999.0 9999.0 9999.0 2.688
Q1700-D52 25.8 0.51 23.81 0.1 23.28 0.1 9999.0 9999.0 9999.0 9999.0 9999.0 9999.0 23.37 0.2 9999.0 9999.0 9999.0 9999.0 9999.0 9999.0 9999.0 9999.0 2.861
Q1700-D54 27.71 9999.0 24.66 0.1 24.15 0.1 24.35 0.18 24.88 0.5 9999.0 9999.0 22.66 0.24 9999.0 9999.0 9999.0 9999.0 9999.0 9999.0 9999.0 9999.0 2.962
Q1700-D6 26.49 0.47 24.57 0.1 24.3 0.1 9999.0 9999.0 9999.0 9999.0 23.97 0.27 9999.0 9999.0 9999.0 9999.0 9999.0 9999.0 9999.0 9999.0 9999.0 9999.0 2.874
Q1700-D66 26.74 0.54 24.93 0.1 24.68 0.1 9999.0 9999.0 99.0 9999.0 9999.0 9999.0 22.94 0.11 9999.0 9999.0 9999.0 9999.0 9999.0 9999.0 9999.0 9999.0 2.687
Q1700-D7 28.75 9999.0 25.42 0.1 25.0 0.1 9999.0 9999.0 9999.0 9999.0 9999.0 9999.0 9999.0 9999.0 9999.0 9999.0 9999.0 9999.0 9999.0 9999.0 9999.0 9999.0 2.959
Q1700-D8 28.08 9999.0 25.3 0.1 24.66 0.1 9999.0 9999.0 9999.0 9999.0 9999.0 9999.0 9999.0 9999.0 9999.0 9999.0 9999.0 9999.0 9999.0 9999.0 9999.0 9999.0 2.654
Q1700-M29 29.7 9999.0 25.88 0.11 24.83 0.1 25.49 0.44 24.45 0.29 9999.0 9999.0 9999.0 9999.0 9999.0 9999.0 24.76 0.1 9999.0 9999.0 9999.0 9999.0 3.432
Q1700-MD103 26.09 0.45 24.45 0.1 23.99 0.1 22.8 0.1 21.94 0.1 9999.0 9999.0 9999.0 9999.0 21.4 0.15 23.91 0.1 22.74 0.1 22.03 0.1 2.315
Q1700-MD103-CS7 26.06 0.26 25.35 0.1 25.36 0.11 24.85 0.19 24.43 0.23 9999.0 9999.0 9999.0 9999.0 9999.0 9999.0 9999.0 9999.0 9999.0 9999.0 9999.0 9999.0 1.979
Q1700-MD104 24.76 0.25 23.24 0.1 22.53 0.1 23.22 0.13 23.49 0.29 9999.0 9999.0 9999.0 9999.0 9999.0 9999.0 24.57 0.1 24.47 0.1 24.38 0.1 2.748
Q1700-MD109 28.06 9999.0 25.81 0.11 25.41 0.11 25.24 0.21 24.31 0.17 9999.0 9999.0 23.54 0.24 9999.0 9999.0 25.18 0.1 24.44 0.1 24.07 0.1 2.293
Q1700-MD110 26.39 0.51 24.97 0.1 24.43 0.1 23.76 0.11 22.54 0.1 22.9 0.16 22.28 0.1 22.23 0.25 24.76 0.1 9999.0 9999.0 9999.0 9999.0 2.297
Q1700-MD115 26.49 0.49 25.18 0.1 25.0 0.1 24.96 0.26 9999.0 9999.0 9999.0 9999.0 9999.0 9999.0 9999.0 9999.0 25.02 0.1 9999.0 9999.0 9999.0 9999.0 2.909
Q1700-MD119 26.61 0.47 25.4 0.1 25.18 0.1 24.79 0.2 24.37 0.24 9999.0 9999.0 9999.0 9999.0 9999.0 9999.0 9999.0 9999.0 24.76 0.1 9999.0 9999.0 2.581
Q1700-MD126 26.37 0.6 24.52 0.1 23.79 0.1 23.82 0.13 23.25 0.13 9999.0 9999.0 23.86 0.37 9999.0 9999.0 9999.0 9999.0 9999.0 9999.0 23.39 0.1 2.901
Q1700-MD128 24.67 0.12 23.43 0.1 23.49 0.1 23.27 0.1 23.19 0.13 9999.0 9999.0 23.7 0.18 9999.0 9999.0 9999.0 9999.0 9999.0 9999.0 9999.0 9999.0 2.708
Q1700-MD136 25.74 0.21 24.55 0.1 24.78 0.1 26.36 9999.0 9999.0 9999.0 9999.0 9999.0 9999.0 9999.0 9999.0 9999.0 24.94 0.1 9999.0 9999.0 9999.0 9999.0 2.742
Q1700-MD139 25.46 0.23 24.36 0.1 24.27 0.1 24.43 0.2 23.14 0.1 9999.0 9999.0 9999.0 9999.0 9999.0 9999.0 9999.0 9999.0 9999.0 9999.0 9999.0 9999.0 2.647
Q1700-MD143 27.19 9999.0 24.47 0.1 23.67 0.1 22.67 0.1 21.78 0.1 9999.0 9999.0 21.56 0.42 9999.0 9999.0 23.99 0.1 9999.0 9999.0 9999.0 9999.0 2.65
Q1700-MD152 25.91 0.39 24.11 0.1 23.3 0.1 22.87 0.1 22.13 0.1 9999.0 9999.0 21.75 0.1 9999.0 9999.0 23.51 0.1 9999.0 9999.0 9999.0 9999.0 2.793
Q1700-MD153 26.79 0.68 25.23 0.1 24.75 0.1 23.81 0.11 22.7 0.1 9999.0 9999.0 22.22 0.1 9999.0 9999.0 24.62 0.1 9999.0 9999.0 9999.0 9999.0 2.341
Q1700-MD154 25.45 0.36 23.98 0.1 23.32 0.1 22.7 0.1 21.62 0.1 22.14 0.23 9999.0 9999.0 9999.0 9999.0 9999.0 9999.0 9999.0 9999.0 9999.0 9999.0 2.63
Q1700-MD155 26.32 0.47 24.54 0.1 24.08 0.1 23.78 0.11 23.86 0.2 9999.0 9999.0 23.4 0.11 9999.0 9999.0 23.97 0.1 9999.0 9999.0 9999.0 9999.0 2.87
Q1700-MD156 25.87 0.34 24.13 0.1 23.79 0.1 23.5 0.1 23.78 0.2 9999.0 9999.0 24.06 0.35 9999.0 9999.0 9999.0 9999.0 9999.0 9999.0 9999.0 9999.0 2.879
Q1700-MD157 25.96 0.34 24.66 0.1 24.33 0.1 23.21 0.1 21.82 0.1 9999.0 9999.0 21.61 0.1 9999.0 9999.0 24.18 0.1 9999.0 9999.0 9999.0 9999.0 2.293
Q1700-MD159 26.16 0.4 24.53 0.1 24.05 0.1 24.61 0.25 24.59 0.43 9999.0 9999.0 24.06 0.15 9999.0 9999.0 24.36 0.1 9999.0 9999.0 9999.0 9999.0 2.837
Q1700-MD169 26.52 0.4 24.75 0.1 24.54 0.1 24.86 0.23 24.37 0.26 9999.0 9999.0 23.61 0.26 9999.0 9999.0 24.38 0.1 9999.0 9999.0 9999.0 9999.0 2.884
Q1700-MD174 26.22 0.38 24.62 0.1 24.27 0.1 9999.0 9999.0 21.9 0.1 9999.0 9999.0 20.41 0.1 9999.0 9999.0 24.26 0.1 9999.0 9999.0 9999.0 9999.0 2.342
Q1700-MD22 26.89 0.6 25.36 0.1 25.23 0.1 9999.0 9999.0 9999.0 9999.0 9999.0 9999.0 9999.0 9999.0 9999.0 9999.0 9999.0 9999.0 9999.0 9999.0 9999.0 9999.0 2.671
Q1700-MD35 27.52 9999.0 24.7 0.1 24.12 0.1 9999.0 9999.0 9999.0 9999.0 9999.0 9999.0 9999.0 9999.0 9999.0 9999.0 9999.0 9999.0 9999.0 9999.0 9999.0 9999.0 2.575
Q1700-MD67 27.83 9999.0 25.1 0.1 24.41 0.1 24.06 0.13 23.52 0.13 23.79 0.25 24.04 0.23 9999.0 9999.0 24.24 0.1 9999.0 9999.0 9999.0 9999.0 3.009
Q1700-MD69 26.64 0.62 25.31 0.1 24.97 0.1 23.7 0.1 22.0 0.1 21.1 0.1 20.82 0.1 20.46 0.1 25.4 0.1 9999.0 9999.0 9999.0 9999.0 2.288
Q1700-MD70 27.79 9999.0 25.03 0.1 24.45 0.1 9999.0 9999.0 23.8 0.18 9999.0 9999.0 23.47 0.14 9999.0 9999.0 9999.0 9999.0 9999.0 9999.0 9999.0 9999.0 2.844
Q1700-MD72 26.44 0.44 25.05 0.1 24.71 0.1 23.97 0.12 23.14 0.1 22.39 0.15 22.37 0.11 22.15 0.29 27.09 0.1 9999.0 9999.0 9999.0 9999.0 2.535
Q1700-MD77 26.63 0.56 25.54 0.1 25.15 0.1 24.24 0.13 23.43 0.11 9999.0 9999.0 24.06 0.31 9999.0 9999.0 24.72 0.1 9999.0 9999.0 9999.0 9999.0 2.508
Q1700-MD78 26.63 0.58 24.98 0.1 24.62 0.1 23.87 0.11 22.79 0.1 22.18 0.1 21.97 0.1 21.62 0.19 25.71 0.1 9999.0 9999.0 9999.0 9999.0 2.569
Q1700-MD86 27.98 9999.0 25.72 0.15 24.74 0.1 25.4 0.44 23.56 0.14 23.19 0.1 23.19 0.1 22.77 0.18 25.23 0.1 9999.0 9999.0 9999.0 9999.0 2.753
Q1700-MD88 25.58 0.24 24.54 0.1 24.35 0.1 9999.0 9999.0 9999.0 9999.0 9999.0 9999.0 23.21 0.18 9999.0 9999.0 9999.0 9999.0 9999.0 9999.0 9999.0 9999.0 2.702
Q1700-MD89 26.58 0.58 24.57 0.1 24.12 0.1 9999.0 9999.0 9999.0 9999.0 9999.0 9999.0 23.31 0.13 9999.0 9999.0 9999.0 9999.0 9999.0 9999.0 9999.0 9999.0 2.763
Q1700-MD92 26.29 0.33 25.06 0.1 25.22 0.1 26.45 0.88 24.82 0.34 9999.0 9999.0 9999.0 9999.0 9999.0 9999.0 25.03 0.1 25.21 0.1 24.96 0.1 2.685
Q1700-MD94 27.98 9999.0 25.71 0.1 24.92 0.1 23.08 0.1 21.61 0.1 20.49 0.1 20.31 0.1 20.19 0.1 24.32 0.1 9999.0 9999.0 9999.0 9999.0 2.336
Q1700-MD97 25.92 0.35 24.58 0.1 24.29 0.1 24.12 0.16 23.83 0.21 23.94 0.27 23.91 0.29 9999.0 9999.0 9999.0 9999.0 24.71 0.1 9999.0 9999.0 2.751
Q1700-MD98 27.99 9999.0 25.38 0.1 24.69 0.1 24.48 0.18 23.72 0.16 23.39 0.25 23.3 0.14 9999.0 9999.0 24.46 0.1 23.91 0.1 23.64 0.1 2.751
Q1700-Q1700 16.68 0.1 16.62 0.1 16.48 0.1 15.67 0.1 15.8 0.1 15.64 0.0 15.41 0.0 15.01 0.0 16.9 0.1 9999.0 9999.0 15.71 0.1 2.751
Q1700-RK123 27.7 9999.0 25.63 0.1 25.09 0.1 23.63 0.1 22.77 0.1 21.97 0.1 21.64 0.1 21.18 0.1 25.32 0.1 9999.0 9999.0 9999.0 9999.0 2.289
Q1700-RK124 25.18 0.14 24.58 0.1 24.04 0.1 22.68 0.1 21.92 0.1 21.15 0.1 21.03 0.1 21.12 0.11 23.6 0.1 22.46 0.1 22.12 0.1 1.478
