# Q2343-BX418 24.39 0.15 23.97 0.10 23.99 0.04 24.21 0.10 23.36 0.10 23.64 0.13 9999 9999 24.37 0.42 9999 9999 24.09 0.10 23.08 0.10 2.305
# Q2343-BX660 24.71 0.19 24.22 0.10 24.17 0.04 24.18 0.10 23.21 0.10 23.33 0.10 9999 9999 24.06 0.27 9999 9999 23.29 0.10 23.10 0.10 2.174
# Q2343-BX660-CS7 27.89 9999 28.87 1.84 27.37 0.21 9999 9999 25.96 0.10 25.25 0.21 9999 9999 21.96 0.10 9999 9999 23.28 0.10 23.08 0.10  2.079
Object Un_lris Un_lris_err G_lris G_lris_err Rs_lris Rs_lris_err mosfire_J mosfire_J_err mosfire_H mosfire_H_err mosfire_Ks mosfire_Ks_err irac1 irac1_err irac2 irac2_err irac3 irac3_err f140w f140w_err f160w f160w_err Redshift
Q2343-BM109 24.33 0.18 24.11 0.1 23.92 0.04 22.68 0.1 22.15 0.1 21.45 0.1 9999.0 9999.0 20.21 0.1 9999.0 9999.0 21.66 0.1 9999.0 9999.0 1.24
Q2343-BM131 24.47 0.22 24.22 0.1 24.01 0.05 9999.0 9999.0 9999.0 9999.0 9999.0 9999.0 9999.0 9999.0 9999.0 9999.0 9999.0 9999.0 9999.0 9999.0 9999.0 9999.0 2.084
Q2343-BM132 25.05 0.33 24.67 0.13 24.24 0.05 9999.0 9999.0 9999.0 9999.0 9999.0 9999.0 9999.0 9999.0 21.63 0.1 9999.0 9999.0 22.51 0.69 9999.0 9999.0 2.257
Q2343-BM133 22.83 0.1 22.64 0.1 22.63 0.01 22.33 0.1 21.93 0.1 22.26 0.1 9999.0 9999.0 22.04 0.1 9999.0 9999.0 22.18 0.1 9999.0 9999.0 1.477
Q2343-BM134 24.72 0.23 24.46 0.1 24.3 0.05 23.79 0.1 23.58 0.1 23.2 0.11 9999.0 9999.0 22.79 0.15 9999.0 9999.0 23.28 0.1 23.29 2.02 1.495
Q2343-BM135 23.81 0.1 23.62 0.1 23.46 0.03 22.87 0.1 22.39 0.1 22.74 0.1 9999.0 9999.0 21.92 0.26 9999.0 9999.0 9999.0 9999.0 9999.0 9999.0 1.625
Q2343-BM136 24.88 0.22 24.4 0.1 24.23 0.04 23.34 0.1 22.77 0.1 22.96 0.1 9999.0 9999.0 21.9 0.1 9999.0 9999.0 22.73 0.1 9999.0 9999.0 1.651
Q2343-BM145 25.44 0.29 25.26 0.14 25.09 0.07 24.61 0.1 24.14 0.1 24.9 0.32 9999.0 9999.0 23.55 0.2 9999.0 9999.0 24.0 0.1 24.24 0.1 1.591
Q2343-BM168 24.97 0.23 24.56 0.1 24.4 0.05 23.69 0.1 23.77 0.1 23.32 0.1 9999.0 9999.0 23.42 0.21 9999.0 9999.0 23.4 0.1 23.24 0.1 2.302
Q2343-BM173 23.95 0.14 23.68 0.1 23.61 0.03 23.28 0.1 23.79 0.1 23.34 0.15 9999.0 9999.0 23.11 0.3 9999.0 9999.0 23.0 0.1 9999.0 9999.0 1.928
Q2343-BM175 24.88 0.26 24.56 0.11 24.33 0.05 24.16 0.1 23.83 0.1 23.0 0.1 9999.0 9999.0 23.49 0.23 9999.0 9999.0 23.43 0.1 23.47 0.1 1.495
Q2343-BM181 25.16 0.28 24.89 0.12 24.81 0.07 24.64 0.1 23.97 0.1 24.5 0.27 9999.0 9999.0 23.67 0.25 9999.0 9999.0 23.83 0.1 23.91 0.1 1.495
Q2343-BM183 23.78 0.1 23.76 0.1 23.79 0.03 23.38 0.1 23.63 0.1 23.22 0.1 9999.0 9999.0 23.13 0.1 9999.0 9999.0 23.29 0.1 23.33 0.1 1.128
Q2343-BM190 24.61 0.16 24.61 0.1 24.64 0.05 24.55 0.1 24.57 0.1 24.19 0.19 9999.0 9999.0 9999.0 9999.0 9999.0 9999.0 24.27 0.1 24.51 0.1 1.695
Q2343-BM191 21.33 0.1 21.16 0.1 21.06 0.0 9999.0 9999.0 9999.0 9999.0 9999.0 9999.0 9999.0 9999.0 9999.0 9999.0 9999.0 9999.0 9999.0 9999.0 9999.0 9999.0 1.048
Q2343-BM194 25.17 0.33 24.86 0.14 24.64 0.06 24.14 0.1 24.07 0.1 23.7 0.15 9999.0 9999.0 23.13 0.12 9999.0 9999.0 23.79 0.1 24.03 0.1 1.59
Q2343-BM201 24.1 0.14 23.79 0.1 23.67 0.03 22.78 0.1 22.4 0.1 22.73 0.1 9999.0 9999.0 21.9 0.1 9999.0 9999.0 22.39 0.1 9999.0 9999.0 1.435
Q2343-BM281 25.34 0.36 24.96 0.14 24.62 0.06 9999.0 9999.0 9999.0 9999.0 9999.0 9999.0 9999.0 9999.0 9999.0 9999.0 9999.0 9999.0 9999.0 9999.0 9999.0 9999.0 1.85
Q2343-BM70 24.33 0.17 23.93 0.1 23.73 0.03 9999.0 9999.0 9999.0 9999.0 9999.0 9999.0 22.86 0.19 22.4 0.32 9999.0 9999.0 9999.0 9999.0 9999.0 9999.0 2.051
Q2343-BM88 24.67 0.21 24.23 0.1 24.19 0.04 24.77 0.1 23.5 0.11 9999.0 9999.0 9999.0 9999.0 9999.0 9999.0 9999.0 9999.0 9999.0 9999.0 9999.0 9999.0 1.212
Q2343-BM93 24.84 0.23 24.5 0.1 24.35 0.05 23.76 0.1 24.27 0.1 23.34 0.1 9999.0 9999.0 9999.0 9999.0 9999.0 9999.0 23.34 0.1 23.15 0.2 1.809
Q2343-BX100 25.29 0.31 24.9 0.12 24.76 0.05 24.29 0.1 24.77 0.1 23.95 0.17 22.55 0.2 22.46 0.1 9999.0 9999.0 9999.0 9999.0 9999.0 9999.0 1.401
Q2343-BX104 24.88 0.26 24.19 0.1 23.98 0.04 9999.0 9999.0 9999.0 9999.0 9999.0 9999.0 9999.0 9999.0 9999.0 9999.0 9999.0 9999.0 9999.0 9999.0 9999.0 9999.0 1.999
Q2343-BX106 26.0 0.56 25.29 0.16 25.13 0.08 9999.0 9999.0 9999.0 9999.0 9999.0 9999.0 9999.0 9999.0 9999.0 9999.0 9999.0 9999.0 9999.0 9999.0 9999.0 9999.0 2.228
Q2343-BX107 25.72 0.52 24.8 0.13 24.37 0.05 9999.0 9999.0 9999.0 9999.0 9999.0 9999.0 9999.0 9999.0 9999.0 9999.0 9999.0 9999.0 9999.0 9999.0 9999.0 9999.0 2.306
Q2343-BX110 26.04 0.64 25.3 0.18 25.05 0.07 24.92 0.1 25.27 0.1 9999.0 9999.0 9999.0 9999.0 9999.0 9999.0 9999.0 9999.0 9999.0 9999.0 9999.0 9999.0 2.636
Q2343-BX111 25.32 0.39 24.58 0.11 24.25 0.05 9999.0 9999.0 9999.0 9999.0 9999.0 9999.0 21.33 0.1 21.25 0.13 21.28 0.13 9999.0 9999.0 9999.0 9999.0 1.923
Q2343-BX112 26.0 0.43 25.77 0.2 25.54 0.09 9999.0 9999.0 9999.0 9999.0 9999.0 9999.0 9999.0 9999.0 9999.0 9999.0 9999.0 9999.0 9999.0 9999.0 9999.0 9999.0 1.91
Q2343-BX118 26.3 0.66 25.6 0.2 25.27 0.08 24.87 0.1 27.82 0.1 24.33 0.2 22.69 0.23 23.23 0.12 9999.0 9999.0 9999.0 9999.0 9999.0 9999.0 2.428
Q2343-BX123 24.53 0.19 23.98 0.1 23.84 0.04 23.8 0.1 23.27 0.1 9999.0 9999.0 9999.0 9999.0 9999.0 9999.0 9999.0 9999.0 9999.0 9999.0 9999.0 9999.0 2.108
Q2343-BX129 25.82 0.58 24.85 0.13 24.36 0.05 24.24 0.1 24.11 0.1 24.77 0.4 9999.0 9999.0 9999.0 9999.0 9999.0 9999.0 9999.0 9999.0 9999.0 9999.0 2.799
Q2343-BX134 26.16 0.72 24.74 0.11 24.34 0.05 24.63 0.1 23.92 0.1 23.74 0.14 9999.0 9999.0 9999.0 9999.0 9999.0 9999.0 9999.0 9999.0 9999.0 9999.0 2.621
Q2343-BX139 24.71 0.26 24.19 0.1 23.95 0.04 22.9 0.1 22.67 0.1 22.26 0.1 9999.0 9999.0 21.65 0.1 9999.0 9999.0 22.53 0.1 9999.0 9999.0 1.63
Q2343-BX145 27.33 1.05 27.13 0.49 26.29 0.13 9999.0 9999.0 9999.0 9999.0 9999.0 9999.0 23.15 0.36 9999.0 9999.0 9999.0 9999.0 9999.0 9999.0 9999.0 9999.0 1.933
Q2343-BX153 26.04 0.64 25.17 0.16 24.73 0.06 9999.0 9999.0 9999.0 9999.0 9999.0 9999.0 23.21 0.14 9999.0 9999.0 9999.0 9999.0 9999.0 9999.0 9999.0 9999.0 2.783
Q2343-BX161 25.43 0.46 24.34 0.1 23.88 0.04 9999.0 9999.0 9999.0 9999.0 9999.0 9999.0 9999.0 9999.0 9999.0 9999.0 9999.0 9999.0 9999.0 9999.0 9999.0 9999.0 2.254
Q2343-BX162 25.57 0.45 24.58 0.1 24.25 0.05 24.12 0.1 23.3 0.1 23.2 0.1 22.37 0.21 22.8 0.13 9999.0 9999.0 23.2 0.1 9999.0 9999.0 2.233
Q2343-BX163 25.23 0.31 24.53 0.1 24.56 0.06 24.2 0.1 23.63 0.1 23.82 0.16 9999.0 9999.0 9999.0 9999.0 9999.0 9999.0 9999.0 9999.0 9999.0 9999.0 2.121
Q2343-BX167 26.34 9999.0 25.62 0.22 25.44 0.09 9999.0 9999.0 9999.0 9999.0 9999.0 9999.0 9999.0 9999.0 9999.0 9999.0 9999.0 9999.0 9999.0 9999.0 9999.0 9999.0 2.12
Q2343-BX168 25.78 0.55 24.8 0.13 24.36 0.05 24.11 0.1 23.17 0.1 23.24 0.1 22.77 0.25 22.3 0.1 9999.0 9999.0 23.31 0.1 9999.0 9999.0 2.483
Q2343-BX169 24.29 0.21 23.71 0.1 23.49 0.04 23.54 0.1 23.08 0.1 22.73 0.1 9999.0 9999.0 9999.0 9999.0 9999.0 9999.0 9999.0 9999.0 9999.0 9999.0 2.209
Q2343-BX173 25.03 0.36 23.81 0.1 23.48 0.03 23.55 0.1 23.61 0.1 22.93 0.1 9999.0 9999.0 9999.0 9999.0 9999.0 9999.0 23.29 0.1 9999.0 9999.0 2.57
Q2343-BX182 24.75 0.21 24.16 0.1 24.03 0.04 24.21 0.1 23.48 0.1 23.77 0.12 9999.0 9999.0 22.85 0.2 9999.0 9999.0 9999.0 9999.0 9999.0 9999.0 2.287
Q2343-BX183 24.26 0.13 23.94 0.1 23.87 0.03 23.31 0.1 23.14 0.1 22.99 0.1 9999.0 9999.0 22.45 0.13 9999.0 9999.0 22.92 0.1 9999.0 9999.0 1.777
Q2343-BX187 26.17 0.66 25.03 0.13 24.74 0.06 9999.0 9999.0 9999.0 9999.0 9999.0 9999.0 9999.0 9999.0 9999.0 9999.0 9999.0 9999.0 9999.0 9999.0 9999.0 9999.0 2.311
Q2343-BX188 26.43 9999.0 25.7 0.22 25.14 0.07 25.09 0.1 24.86 0.1 25.52 0.6 9999.0 9999.0 23.55 0.24 9999.0 9999.0 24.19 0.1 9999.0 9999.0 2.815
Q2343-BX194 24.45 0.21 24.43 0.11 23.83 0.06 9999.0 9999.0 9999.0 9999.0 9999.0 9999.0 9999.0 9999.0 9999.0 9999.0 9999.0 9999.0 9999.0 9999.0 9999.0 9999.0 1.799
Q2343-BX195 26.41 9999.0 26.11 0.26 25.71 0.1 9999.0 9999.0 9999.0 9999.0 9999.0 9999.0 9999.0 9999.0 9999.0 9999.0 9999.0 9999.0 9999.0 9999.0 9999.0 9999.0 2.394
Q2343-BX196 25.81 0.53 25.26 0.18 24.96 0.08 24.53 0.1 9999.0 9999.0 9999.0 9999.0 9999.0 9999.0 9999.0 9999.0 9999.0 9999.0 9999.0 9999.0 9999.0 9999.0 2.345
Q2343-BX197 25.16 0.32 24.27 0.1 24.15 0.04 24.48 0.1 24.15 0.1 23.47 0.12 23.24 0.35 23.58 0.19 9999.0 9999.0 23.93 0.1 9999.0 9999.0 2.788
Q2343-BX199 26.22 0.68 25.45 0.19 25.14 0.08 9999.0 9999.0 9999.0 9999.0 9999.0 9999.0 9999.0 9999.0 9999.0 9999.0 9999.0 9999.0 9999.0 9999.0 9999.0 9999.0 1.801
Q2343-BX205 26.64 9999.0 26.07 0.25 25.61 0.09 9999.0 9999.0 9999.0 9999.0 9999.0 9999.0 9999.0 9999.0 9999.0 9999.0 9999.0 9999.0 9999.0 9999.0 9999.0 9999.0 2.64
Q2343-BX207 24.89 0.25 24.08 0.1 23.94 0.04 9999.0 9999.0 9999.0 9999.0 9999.0 9999.0 9999.0 9999.0 9999.0 9999.0 9999.0 9999.0 9999.0 9999.0 9999.0 9999.0 1.921
Q2343-BX209 25.78 0.51 24.92 0.13 24.9 0.08 24.32 0.1 23.59 0.1 23.45 0.1 9999.0 9999.0 22.81 0.12 9999.0 9999.0 23.4 0.1 9999.0 9999.0 2.416
Q2343-BX212 26.24 0.81 25.1 0.16 24.65 0.05 9999.0 9999.0 9999.0 9999.0 9999.0 9999.0 22.65 0.41 9999.0 9999.0 9999.0 9999.0 9999.0 9999.0 9999.0 9999.0 2.565
Q2343-BX215 25.45 0.37 24.63 0.1 24.4 0.04 24.1 0.1 23.45 0.1 22.77 0.1 9999.0 9999.0 22.49 0.12 9999.0 9999.0 23.1 0.1 9999.0 9999.0 2.17
Q2343-BX216 25.8 0.41 25.32 0.15 25.03 0.06 24.87 0.1 27.73 0.1 24.46 0.17 9999.0 9999.0 9999.0 9999.0 9999.0 9999.0 24.4 0.1 9999.0 9999.0 2.087
Q2343-BX218 25.04 0.27 24.47 0.1 24.05 0.04 22.96 0.1 22.37 0.1 22.25 0.1 9999.0 9999.0 21.32 0.1 9999.0 9999.0 22.39 0.1 9999.0 9999.0 1.632
Q2343-BX222 26.52 0.87 25.48 0.19 25.05 0.07 24.43 0.1 23.65 0.1 23.15 0.1 9999.0 9999.0 22.12 0.1 9999.0 9999.0 23.47 0.1 9999.0 9999.0 2.287
Q2343-BX227 26.01 0.51 25.65 0.2 25.31 0.09 9999.0 9999.0 9999.0 9999.0 9999.0 9999.0 23.46 0.39 9999.0 9999.0 9999.0 9999.0 9999.0 9999.0 9999.0 9999.0 1.89
Q2343-BX230 24.9 0.23 24.62 0.1 24.46 0.05 9999.0 9999.0 9999.0 9999.0 9999.0 9999.0 9999.0 9999.0 9999.0 9999.0 9999.0 9999.0 9999.0 9999.0 9999.0 9999.0 1.821
Q2343-BX231 26.91 9999.0 26.18 0.3 25.62 0.1 25.24 0.1 24.77 0.1 23.83 0.1 9999.0 9999.0 21.78 0.1 9999.0 9999.0 23.49 0.1 9999.0 9999.0 2.499
Q2343-BX236 24.78 0.23 24.09 0.1 23.82 0.03 23.71 0.1 22.93 0.1 23.13 0.1 9999.0 9999.0 22.28 0.1 9999.0 9999.0 23.01 0.1 9999.0 9999.0 2.434
Q2343-BX246 27.5 9999.0 26.86 0.38 26.61 0.13 9999.0 9999.0 9999.0 9999.0 9999.0 9999.0 9999.0 9999.0 9999.0 9999.0 9999.0 9999.0 9999.0 9999.0 9999.0 9999.0 2.399
Q2343-BX248 24.71 0.22 24.08 0.1 23.86 0.03 9999.0 9999.0 9999.0 9999.0 9999.0 9999.0 9999.0 9999.0 9999.0 9999.0 9999.0 9999.0 9999.0 9999.0 9999.0 9999.0 2.0
Q2343-BX249 25.28 0.38 24.45 0.1 24.12 0.04 9999.0 9999.0 9999.0 9999.0 9999.0 9999.0 23.44 0.42 9999.0 9999.0 9999.0 9999.0 9999.0 9999.0 9999.0 9999.0 2.536
Q2343-BX255 24.43 0.17 23.75 0.1 23.56 0.03 9999.0 9999.0 9999.0 9999.0 9999.0 9999.0 9999.0 9999.0 9999.0 9999.0 9999.0 9999.0 9999.0 9999.0 9999.0 9999.0 2.007
Q2343-BX256 24.58 0.18 24.31 0.1 24.35 0.05 24.02 0.1 24.83 0.11 9999.0 9999.0 9999.0 9999.0 9999.0 9999.0 9999.0 9999.0 9999.0 9999.0 9999.0 9999.0 1.434
Q2343-BX262 25.61 0.48 24.54 0.1 24.21 0.04 9999.0 9999.0 9999.0 9999.0 9999.0 9999.0 22.35 0.2 22.03 0.1 9999.0 9999.0 9999.0 9999.0 9999.0 9999.0 2.266
Q2343-BX263 26.38 0.55 26.3 0.29 26.02 0.12 25.24 0.1 25.17 0.1 9999.0 9999.0 9999.0 9999.0 23.19 0.23 9999.0 9999.0 23.67 0.1 9999.0 9999.0 1.661
Q2343-BX265 25.93 9999.0 24.94 0.12 24.56 0.05 24.61 0.1 24.0 0.1 9999.0 9999.0 9999.0 9999.0 9999.0 9999.0 9999.0 9999.0 9999.0 9999.0 9999.0 9999.0 2.559
Q2343-BX267 25.91 0.57 25.34 0.19 24.9 0.07 9999.0 9999.0 9999.0 9999.0 9999.0 9999.0 9999.0 9999.0 9999.0 9999.0 9999.0 9999.0 9999.0 9999.0 9999.0 9999.0 2.138
Q2343-BX268 25.6 0.4 25.22 0.16 24.89 0.06 9999.0 9999.0 9999.0 9999.0 9999.0 9999.0 9999.0 9999.0 9999.0 9999.0 9999.0 9999.0 9999.0 9999.0 9999.0 9999.0 2.136
Q2343-BX27 26.43 9999.0 26.39 0.34 25.98 0.12 9999.0 9999.0 9999.0 9999.0 9999.0 9999.0 23.59 0.2 9999.0 9999.0 9999.0 9999.0 9999.0 9999.0 9999.0 9999.0 2.274
Q2343-BX274 26.31 9999.0 26.08 0.27 25.64 0.09 25.84 0.1 25.32 0.1 9999.0 9999.0 9999.0 9999.0 23.53 0.18 9999.0 9999.0 24.18 0.1 9999.0 9999.0 2.12
Q2343-BX283 26.57 0.73 25.9 0.22 25.51 0.09 25.31 0.1 25.23 0.1 24.49 0.19 9999.0 9999.0 9999.0 9999.0 9999.0 9999.0 25.45 0.1 9999.0 9999.0 2.049
Q2343-BX287 23.91 0.12 23.57 0.1 23.5 0.03 23.13 0.1 22.65 0.1 22.66 0.1 9999.0 9999.0 22.35 0.11 9999.0 9999.0 23.11 0.1 9999.0 9999.0 1.54
Q2343-BX294 25.09 0.25 24.89 0.12 24.79 0.06 24.11 0.1 23.91 0.1 23.97 0.16 9999.0 9999.0 23.12 0.13 9999.0 9999.0 23.56 0.1 9999.0 9999.0 1.847
Q2343-BX299 25.1 0.31 24.45 0.1 24.23 0.05 23.26 0.1 22.81 0.1 22.54 0.1 9999.0 9999.0 9999.0 9999.0 9999.0 9999.0 9999.0 9999.0 9999.0 9999.0 1.628
Q2343-BX30 26.66 1.08 25.81 0.28 25.28 0.09 9999.0 9999.0 9999.0 9999.0 9999.0 9999.0 23.2 0.19 9999.0 9999.0 9999.0 9999.0 9999.0 9999.0 9999.0 9999.0 2.749
Q2343-BX300 25.23 0.35 24.55 0.11 24.25 0.05 24.18 0.1 24.06 0.1 23.86 0.14 9999.0 9999.0 23.87 0.34 9999.0 9999.0 23.65 0.1 9999.0 9999.0 2.428
Q2343-BX304 27.05 0.92 26.06 0.21 25.82 0.1 9999.0 9999.0 9999.0 9999.0 9999.0 9999.0 9999.0 9999.0 23.03 0.18 9999.0 9999.0 23.54 0.1 9999.0 9999.0 1.86
Q2343-BX309 25.2 0.3 24.8 0.12 24.49 0.05 9999.0 9999.0 9999.0 9999.0 9999.0 9999.0 9999.0 9999.0 9999.0 9999.0 9999.0 9999.0 9999.0 9999.0 9999.0 9999.0 1.49
Q2343-BX312 23.95 0.12 23.47 0.1 23.46 0.03 9999.0 9999.0 9999.0 9999.0 9999.0 9999.0 9999.0 9999.0 9999.0 9999.0 9999.0 9999.0 9999.0 9999.0 9999.0 9999.0 1.999
Q2343-BX315 26.49 0.93 25.15 0.15 24.67 0.06 24.34 0.1 23.46 0.1 23.66 0.12 9999.0 9999.0 23.04 0.16 9999.0 9999.0 23.52 0.1 9999.0 9999.0 2.76
Q2343-BX321 25.7 0.51 25.05 0.16 24.82 0.07 25.36 0.1 24.93 0.1 24.42 0.28 9999.0 9999.0 9999.0 9999.0 9999.0 9999.0 9999.0 9999.0 9999.0 9999.0 2.347
Q2343-BX325 26.13 9999.0 25.41 0.19 25.0 0.07 24.63 0.1 24.19 0.1 23.38 0.1 9999.0 9999.0 9999.0 9999.0 9999.0 9999.0 9999.0 9999.0 9999.0 9999.0 2.575
Q2343-BX328 24.43 0.19 23.77 0.1 23.61 0.03 9999.0 9999.0 9999.0 9999.0 9999.0 9999.0 9999.0 9999.0 9999.0 9999.0 9999.0 9999.0 9999.0 9999.0 9999.0 9999.0 1.959
Q2343-BX333 25.4 0.35 24.55 0.1 24.27 0.04 23.64 0.1 22.71 0.1 22.16 0.1 9999.0 9999.0 21.01 0.1 9999.0 9999.0 23.11 0.1 9999.0 9999.0 2.394
Q2343-BX335 25.4 0.39 24.37 0.1 24.09 0.04 24.13 0.1 23.59 0.1 23.53 0.13 9999.0 9999.0 9999.0 9999.0 9999.0 9999.0 9999.0 9999.0 9999.0 9999.0 2.564
Q2343-BX336 26.08 0.73 24.63 0.11 24.15 0.04 23.89 0.1 23.22 0.1 22.88 0.1 9999.0 9999.0 22.47 0.11 9999.0 9999.0 23.38 0.1 9999.0 9999.0 2.545
Q2343-BX338 25.58 0.47 24.78 0.13 24.33 0.05 9999.0 9999.0 9999.0 9999.0 9999.0 9999.0 9999.0 9999.0 22.63 0.14 9999.0 9999.0 23.2 0.1 9999.0 9999.0 1.908
Q2343-BX340 26.82 9999.0 26.14 0.29 25.6 0.09 9999.0 9999.0 9999.0 9999.0 9999.0 9999.0 9999.0 9999.0 9999.0 9999.0 9999.0 9999.0 9999.0 9999.0 9999.0 9999.0 2.124
Q2343-BX341 26.23 0.72 25.01 0.13 24.69 0.06 24.69 0.1 24.71 0.1 25.03 0.43 9999.0 9999.0 24.25 0.39 9999.0 9999.0 24.09 0.1 24.13 0.1 2.575
Q2343-BX342 24.98 0.28 24.47 0.1 24.18 0.05 23.89 0.1 23.4 0.1 9999.0 9999.0 9999.0 9999.0 9999.0 9999.0 9999.0 9999.0 22.91 0.1 9999.0 9999.0 2.044
Q2343-BX344 24.52 0.17 23.97 0.1 23.7 0.03 23.07 0.1 22.62 0.1 22.33 0.1 9999.0 9999.0 21.7 0.1 9999.0 9999.0 22.66 0.1 9999.0 9999.0 1.528
Q2343-BX347 25.13 0.27 24.68 0.1 24.52 0.05 24.14 0.1 23.94 0.1 23.53 0.11 9999.0 9999.0 22.93 0.16 9999.0 9999.0 23.52 0.1 23.5 0.1 1.611
Q2343-BX348 26.25 0.68 25.21 0.15 24.7 0.06 24.55 0.1 23.99 0.1 23.86 0.1 9999.0 9999.0 22.23 0.1 9999.0 9999.0 23.38 0.1 9999.0 9999.0 2.449
Q2343-BX350 26.18 9999.0 25.62 0.21 24.99 0.07 25.55 0.1 26.14 0.1 24.37 0.22 9999.0 9999.0 24.04 0.25 9999.0 9999.0 24.3 0.1 9999.0 9999.0 2.578
Q2343-BX354 25.94 0.6 24.91 0.13 24.53 0.06 9999.0 9999.0 9999.0 9999.0 9999.0 9999.0 9999.0 9999.0 22.77 0.26 9999.0 9999.0 23.88 0.1 9999.0 9999.0 2.628
Q2343-BX358 26.31 9999.0 25.7 0.22 25.31 0.08 25.29 0.1 24.47 0.1 24.86 0.28 9999.0 9999.0 23.52 0.14 9999.0 9999.0 24.29 0.1 24.16 0.1 2.42
Q2343-BX359 25.79 0.54 25.1 0.16 24.59 0.06 23.75 0.1 23.49 0.1 23.48 0.12 9999.0 9999.0 22.1 0.1 9999.0 9999.0 22.97 0.1 9999.0 9999.0 1.405
Q2343-BX360 24.7 0.27 23.76 0.1 23.48 0.03 9999.0 9999.0 9999.0 9999.0 9999.0 9999.0 9999.0 9999.0 9999.0 9999.0 9999.0 9999.0 9999.0 9999.0 9999.0 9999.0 0.849
Q2343-BX361 26.85 1.0 25.6 0.18 25.49 0.09 24.57 0.1 24.55 0.1 24.57 0.22 9999.0 9999.0 23.34 0.1 9999.0 9999.0 23.55 0.1 23.63 0.1 1.554
Q2343-BX362 26.42 0.88 25.62 0.24 24.93 0.07 9999.0 9999.0 9999.0 9999.0 9999.0 9999.0 9999.0 9999.0 9999.0 9999.0 9999.0 9999.0 9999.0 9999.0 9999.0 9999.0 2.689
Q2343-BX364 23.54 0.1 23.05 0.1 22.86 0.02 22.59 0.1 22.42 0.1 22.2 0.1 9999.0 9999.0 9999.0 9999.0 9999.0 9999.0 22.26 0.1 9999.0 9999.0 1.797
Q2343-BX365 21.18 0.1 20.54 0.1 20.07 0.0 19.55 0.1 19.03 0.1 18.98 0.1 9999.0 9999.0 18.31 0.1 9999.0 9999.0 19.51 0.1 9999.0 9999.0 0.892
Q2343-BX370 26.54 9999.0 26.74 0.38 26.32 0.13 9999.0 9999.0 26.48 0.11 26.16 0.73 9999.0 9999.0 24.75 0.44 9999.0 9999.0 24.57 0.1 9999.0 9999.0 2.013
Q2343-BX371 25.4 0.35 24.5 0.1 24.38 0.04 9999.0 9999.0 9999.0 9999.0 9999.0 9999.0 9999.0 9999.0 9999.0 9999.0 9999.0 9999.0 9999.0 9999.0 9999.0 9999.0 1.98
Q2343-BX372 26.53 0.93 25.42 0.19 25.07 0.08 9999.0 9999.0 9999.0 9999.0 9999.0 9999.0 9999.0 9999.0 23.94 0.33 9999.0 9999.0 24.59 0.1 9999.0 9999.0 2.753
Q2343-BX376 26.46 0.74 25.47 0.17 25.4 0.08 25.43 0.1 24.44 0.1 24.53 0.2 9999.0 9999.0 9999.0 9999.0 9999.0 9999.0 24.03 0.1 9999.0 9999.0 2.327
Q2343-BX377 23.86 0.12 22.91 0.1 22.66 0.01 9999.0 9999.0 9999.0 9999.0 9999.0 9999.0 9999.0 9999.0 9999.0 9999.0 9999.0 9999.0 23.09 0.1 9999.0 9999.0 2.216
Q2343-BX378 26.42 0.77 25.36 0.16 25.04 0.07 24.38 0.1 24.7 0.1 24.22 0.14 9999.0 9999.0 23.34 0.14 9999.0 9999.0 23.85 0.1 9999.0 9999.0 2.043
Q2343-BX379 25.99 0.55 25.29 0.16 25.22 0.08 25.28 0.1 25.01 0.1 24.27 0.21 9999.0 9999.0 23.42 0.21 9999.0 9999.0 24.68 0.1 24.63 0.1 2.043
Q2343-BX384 24.23 0.15 23.88 0.1 23.72 0.03 23.45 0.1 23.19 0.1 22.65 0.1 9999.0 9999.0 9999.0 9999.0 9999.0 9999.0 21.9 0.1 9999.0 9999.0 1.549
Q2343-BX389 26.45 9999.0 25.52 0.19 25.15 0.08 24.63 0.1 24.91 0.1 23.23 0.1 9999.0 9999.0 21.21 0.1 9999.0 9999.0 23.0 0.1 22.85 0.1 2.171
Q2343-BX389-CS8 25.6 0.45 24.96 0.14 24.28 0.05 23.45 0.1 23.13 0.1 22.89 0.1 9999.0 9999.0 22.33 0.11 9999.0 9999.0 22.94 0.1 9999.0 9999.0 1.392
Q2343-BX389-CS9 26.4 9999.0 26.5 0.35 26.0 0.12 25.6 0.1 25.37 0.1 26.05 0.75 9999.0 9999.0 22.91 0.16 9999.0 9999.0 25.39 0.1 9999.0 9999.0 1.401
Q2343-BX390 25.51 0.4 24.71 0.11 24.5 0.05 24.79 0.1 24.06 0.1 23.81 0.11 9999.0 9999.0 23.17 0.11 9999.0 9999.0 23.62 0.1 23.81 0.1 2.231
Q2343-BX391 26.05 0.62 25.04 0.14 24.78 0.07 25.02 0.1 26.81 0.1 24.65 0.17 9999.0 9999.0 23.42 0.21 9999.0 9999.0 24.18 0.1 24.65 0.1 2.174
Q2343-BX394 25.82 0.44 25.4 0.17 25.17 0.08 9999.0 9999.0 9999.0 9999.0 9999.0 9999.0 9999.0 9999.0 9999.0 9999.0 9999.0 9999.0 9999.0 9999.0 9999.0 9999.0 2.05
Q2343-BX405 25.76 0.58 24.74 0.13 24.37 0.05 23.94 0.1 23.65 0.1 22.79 0.1 9999.0 9999.0 22.9 0.1 9999.0 9999.0 23.56 0.1 9999.0 9999.0 2.014
Q2343-BX410 24.99 0.28 24.38 0.1 24.08 0.04 22.97 0.1 22.53 0.1 22.4 0.1 9999.0 9999.0 21.63 0.1 9999.0 9999.0 22.49 0.1 9999.0 9999.0 1.686
Q2343-BX411 24.11 0.12 23.89 0.1 23.84 0.03 23.41 0.1 23.3 0.1 23.85 0.18 9999.0 9999.0 22.94 0.12 9999.0 9999.0 23.3 0.1 23.15 0.1 1.207
Q2343-BX415 21.29 0.1 20.38 0.1 20.29 0.0 20.0 0.1 19.62 0.1 20.02 0.1 9999.0 9999.0 19.61 0.1 9999.0 9999.0 20.48 0.1 19.99 0.1 2.574
Q2343-BX417 26.31 0.71 25.13 0.14 24.85 0.06 24.8 0.1 23.93 0.1 23.62 0.11 9999.0 9999.0 23.68 0.25 9999.0 9999.0 23.55 0.1 23.29 0.1 2.222
Q2343-BX418 24.39 0.15 23.97 0.1 23.99 0.04 24.55 0.1 25.17 0.1 24.59 0.13 9999.0 9999.0 24.37 0.42 9999.0 9999.0 24.31 0.1 25.2 0.1 2.305
Q2343-BX418-CS6 26.71 0.88 26.25 0.32 25.56 0.11 9999.0 9999.0 25.89 0.14 9999.0 9999.0 9999.0 9999.0 9999.0 9999.0 9999.0 9999.0 25.08 0.1 25.09 0.1 2.572
Q2343-BX421 26.4 0.77 25.59 0.21 25.13 0.07 24.33 0.1 24.16 0.1 23.82 0.13 9999.0 9999.0 22.55 0.1 9999.0 9999.0 23.53 0.1 23.5 0.1 1.934
Q2343-BX422 24.33 0.15 23.99 0.1 23.9 0.04 23.27 0.1 22.94 0.1 22.8 0.1 9999.0 9999.0 9999.0 9999.0 9999.0 9999.0 9999.0 9999.0 9999.0 9999.0 1.55
Q2343-BX425 26.04 0.6 24.94 0.12 24.72 0.06 24.19 0.1 23.39 0.1 23.23 0.1 9999.0 9999.0 9999.0 9999.0 9999.0 9999.0 9999.0 9999.0 9999.0 9999.0 2.44
Q2343-BX426 25.11 0.3 24.2 0.1 24.05 0.04 9999.0 9999.0 9999.0 9999.0 9999.0 9999.0 9999.0 9999.0 9999.0 9999.0 9999.0 9999.0 9999.0 9999.0 9999.0 9999.0 1.959
Q2343-BX427 26.65 0.84 25.71 0.2 25.4 0.08 9999.0 9999.0 9999.0 9999.0 9999.0 9999.0 9999.0 9999.0 9999.0 9999.0 9999.0 9999.0 9999.0 9999.0 9999.0 9999.0 1.984
Q2343-BX429 26.55 9999.0 26.45 0.33 25.88 0.11 26.85 0.1 24.87 0.1 24.44 0.14 9999.0 9999.0 22.56 0.1 9999.0 9999.0 23.99 0.1 23.63 0.1 2.175
Q2343-BX430 25.68 0.46 24.97 0.13 24.73 0.06 9999.0 9999.0 9999.0 9999.0 9999.0 9999.0 9999.0 9999.0 9999.0 9999.0 9999.0 9999.0 9999.0 9999.0 9999.0 9999.0 2.06
Q2343-BX431 24.69 0.22 24.07 0.1 23.87 0.04 23.4 0.1 23.06 0.1 23.08 0.1 9999.0 9999.0 22.86 0.1 9999.0 9999.0 24.35 0.1 24.34 0.1 1.787
Q2343-BX434 26.71 9999.0 26.53 0.27 26.32 0.13 25.93 0.1 26.47 0.18 26.22 0.66 9999.0 9999.0 9999.0 9999.0 9999.0 9999.0 24.58 0.1 24.36 0.1 1.926
Q2343-BX435 25.81 0.56 24.64 0.11 24.22 0.04 23.47 0.1 22.77 0.1 22.62 0.1 9999.0 9999.0 21.9 0.1 9999.0 9999.0 22.86 0.1 22.75 0.1 2.112
Q2343-BX436 23.74 0.1 23.25 0.1 23.2 0.02 23.43 0.1 22.86 0.1 22.86 0.1 9999.0 9999.0 9999.0 9999.0 9999.0 9999.0 9999.0 9999.0 9999.0 9999.0 2.328
Q2343-BX437 25.87 0.41 25.69 0.19 25.65 0.1 25.23 0.1 25.08 0.1 23.91 0.12 9999.0 9999.0 23.83 0.26 9999.0 9999.0 24.18 0.1 24.2 0.1 1.357
Q2343-BX440 24.53 0.2 24.01 0.1 23.86 0.04 9999.0 9999.0 9999.0 9999.0 9999.0 9999.0 9999.0 9999.0 22.6 0.39 9999.0 9999.0 9999.0 9999.0 9999.0 9999.0 1.86
Q2343-BX442 25.29 0.43 24.5 0.12 24.03 0.04 23.21 0.1 22.46 0.1 21.91 0.1 9999.0 9999.0 20.91 0.1 9999.0 9999.0 22.19 0.1 22.08 0.1 2.175
Q2343-BX445 26.74 1.03 25.83 0.25 25.44 0.09 24.94 0.1 25.22 0.1 9999.0 9999.0 9999.0 9999.0 23.65 0.26 9999.0 9999.0 24.44 0.1 9999.0 9999.0 2.544
Q2343-BX449 26.15 0.64 25.46 0.19 25.14 0.08 25.24 0.1 25.44 0.11 9999.0 9999.0 9999.0 9999.0 9999.0 9999.0 9999.0 9999.0 9999.0 9999.0 9999.0 9999.0 1.677
Q2343-BX45 24.57 0.22 23.65 0.1 23.43 0.03 23.57 0.1 22.98 0.1 22.96 0.1 22.57 0.1 22.68 0.24 9999.0 9999.0 9999.0 9999.0 9999.0 9999.0 2.546
Q2343-BX451 26.32 0.83 24.97 0.13 24.77 0.06 9999.0 9999.0 9999.0 9999.0 9999.0 9999.0 9999.0 9999.0 9999.0 9999.0 9999.0 9999.0 9999.0 9999.0 9999.0 9999.0 2.405
Q2343-BX460 25.99 0.56 25.14 0.14 24.75 0.06 24.46 0.1 24.49 0.1 24.32 0.16 9999.0 9999.0 23.52 0.25 9999.0 9999.0 23.66 0.1 9999.0 9999.0 2.395
Q2343-BX461 26.19 0.76 24.94 0.14 24.47 0.05 24.46 0.1 24.21 0.1 23.55 0.12 9999.0 9999.0 22.69 0.1 9999.0 9999.0 23.68 0.1 9999.0 9999.0 2.566
Q2343-BX467 26.24 9999.0 25.62 0.2 25.21 0.08 25.44 0.1 25.23 0.1 24.84 0.32 9999.0 9999.0 9999.0 9999.0 9999.0 9999.0 25.13 0.1 24.99 0.1 2.68
Q2343-BX473 25.98 0.57 25.15 0.15 24.79 0.06 25.36 0.1 25.55 0.1 25.41 0.62 9999.0 9999.0 23.97 0.23 9999.0 9999.0 24.17 0.1 9999.0 9999.0 2.544
Q2343-BX474 26.07 0.65 24.84 0.12 24.48 0.05 23.86 0.1 23.18 0.1 22.84 0.1 9999.0 9999.0 21.66 0.1 9999.0 9999.0 22.87 0.1 9999.0 9999.0 2.226
Q2343-BX477 25.0 0.25 24.64 0.1 24.41 0.05 23.38 0.1 22.82 0.1 22.41 0.1 9999.0 9999.0 21.37 0.1 9999.0 9999.0 22.74 0.1 9999.0 9999.0 1.624
Q2343-BX480 25.28 0.34 24.25 0.1 24.02 0.04 23.72 0.1 23.03 0.1 22.87 0.1 9999.0 9999.0 22.41 0.1 9999.0 9999.0 22.96 0.1 22.9 0.1 2.231
Q2343-BX481 26.53 1.01 25.27 0.18 24.84 0.06 24.62 0.1 24.01 0.1 23.45 0.11 9999.0 9999.0 23.27 0.35 9999.0 9999.0 23.87 0.1 9999.0 9999.0 2.58
Q2343-BX484 26.37 0.85 25.65 0.25 24.96 0.08 24.67 0.1 24.01 0.1 23.39 0.1 9999.0 9999.0 22.53 0.12 9999.0 9999.0 23.83 0.1 23.83 0.1 2.188
Q2343-BX486 25.51 0.35 25.28 0.16 25.07 0.07 24.47 0.1 24.55 0.1 24.36 0.22 9999.0 9999.0 24.17 0.24 9999.0 9999.0 24.06 0.1 24.07 0.1 1.748
Q2343-BX488 25.66 0.4 25.01 0.12 24.95 0.07 24.45 0.1 24.02 0.1 24.18 0.19 9999.0 9999.0 9999.0 9999.0 9999.0 9999.0 9999.0 9999.0 9999.0 9999.0 2.236
Q2343-BX49 26.08 0.66 25.03 0.14 24.74 0.06 9999.0 9999.0 9999.0 9999.0 9999.0 9999.0 9999.0 9999.0 9999.0 9999.0 9999.0 9999.0 9999.0 9999.0 9999.0 9999.0 1.995
Q2343-BX493 24.86 0.26 24.02 0.1 23.73 0.03 23.7 0.1 23.0 0.1 23.18 0.1 9999.0 9999.0 22.47 0.12 9999.0 9999.0 23.05 0.1 9999.0 9999.0 2.34
Q2343-BX496 26.67 0.95 25.73 0.23 25.36 0.09 25.56 0.1 25.5 0.1 25.18 0.25 9999.0 9999.0 24.0 0.33 9999.0 9999.0 24.43 0.1 24.31 0.1 2.393
Q2343-BX505 24.72 0.25 24.02 0.1 23.9 0.04 9999.0 9999.0 9999.0 9999.0 9999.0 9999.0 9999.0 9999.0 23.32 0.28 9999.0 9999.0 23.57 0.1 9999.0 9999.0 2.544
Q2343-BX513 24.52 0.21 23.91 0.1 23.64 0.03 23.09 0.1 22.43 0.1 22.04 0.1 9999.0 9999.0 21.39 0.11 9999.0 9999.0 22.61 0.1 9999.0 9999.0 2.108
Q2343-BX513-CS4 27.25 9999.0 29.61 2.79 27.52 0.21 9999.0 9999.0 26.57 0.1 25.51 0.21 9999.0 9999.0 22.49 0.18 9999.0 9999.0 24.19 0.1 9999.0 9999.0 2.111
Q2343-BX513-CS7 26.16 0.86 24.8 0.14 24.19 0.05 23.62 0.1 23.2 0.1 23.24 0.1 9999.0 9999.0 22.48 0.34 9999.0 9999.0 23.97 0.1 9999.0 9999.0 2.014
Q2343-BX518 27.12 9999.0 27.35 0.49 26.88 0.18 9999.0 9999.0 9999.0 9999.0 9999.0 9999.0 9999.0 9999.0 9999.0 9999.0 9999.0 9999.0 9999.0 9999.0 9999.0 9999.0 2.664
Q2343-BX521 25.14 0.28 24.72 0.11 24.56 0.05 24.13 0.1 23.81 0.1 23.51 0.11 9999.0 9999.0 22.79 0.1 9999.0 9999.0 23.38 0.1 23.28 0.1 2.011
Q2343-BX523 25.25 0.29 24.9 0.12 24.75 0.06 25.14 0.1 24.77 0.1 25.24 0.18 9999.0 9999.0 23.82 0.16 9999.0 9999.0 24.24 0.1 9999.0 9999.0 2.27
Q2343-BX524 24.77 0.21 24.14 0.1 23.93 0.03 23.15 0.1 22.69 0.1 22.5 0.1 9999.0 9999.0 22.13 0.1 9999.0 9999.0 22.62 0.1 22.59 0.1 1.81
Q2343-BX527 25.63 0.36 25.2 0.14 25.16 0.07 25.22 0.1 24.94 0.1 9999.0 9999.0 9999.0 9999.0 24.31 0.27 9999.0 9999.0 24.1 0.1 24.02 0.1 1.86
Q2343-BX529 25.75 0.49 24.75 0.11 24.62 0.06 24.25 0.1 24.17 0.1 23.75 0.11 9999.0 9999.0 22.81 0.39 9999.0 9999.0 23.69 0.1 9999.0 9999.0 2.113
Q2343-BX530 26.27 0.5 25.62 0.16 25.7 0.1 25.83 0.1 25.83 0.1 25.24 0.2 9999.0 9999.0 9999.0 9999.0 9999.0 9999.0 24.45 0.1 24.71 0.1 2.172
Q2343-BX536 25.84 0.6 24.83 0.13 24.33 0.05 23.71 0.1 22.68 0.1 9999.0 9999.0 9999.0 9999.0 20.93 0.1 9999.0 9999.0 22.46 0.1 9999.0 9999.0 2.274
Q2343-BX537 25.75 0.45 24.78 0.1 24.51 0.05 24.51 0.1 24.4 0.1 23.89 0.11 9999.0 9999.0 23.32 0.1 9999.0 9999.0 23.9 0.1 24.16 0.1 2.339
Q2343-BX541 26.98 9999.0 27.01 0.55 26.05 0.12 9999.0 9999.0 9999.0 9999.0 9999.0 9999.0 9999.0 9999.0 22.36 0.24 9999.0 9999.0 9999.0 9999.0 9999.0 9999.0 2.231
Q2343-BX543 25.48 0.33 25.06 0.13 24.88 0.07 24.16 0.1 23.68 0.1 24.34 0.21 9999.0 9999.0 22.85 0.1 9999.0 9999.0 23.32 0.1 23.26 0.1 1.495
Q2343-BX544 26.37 0.79 25.51 0.2 25.23 0.08 24.01 0.1 23.73 0.1 23.6 0.11 9999.0 9999.0 22.04 0.1 9999.0 9999.0 23.46 0.1 23.37 0.1 1.494
Q2343-BX545 25.78 0.39 25.39 0.16 25.18 0.07 9999.0 9999.0 9999.0 9999.0 9999.0 9999.0 9999.0 9999.0 9999.0 9999.0 9999.0 9999.0 9999.0 9999.0 9999.0 9999.0 2.089
Q2343-BX550 26.04 0.49 25.58 0.18 25.29 0.08 24.77 0.1 24.52 0.1 9999.0 9999.0 9999.0 9999.0 23.84 0.26 9999.0 9999.0 24.0 0.1 9999.0 9999.0 1.876
Q2343-BX551 26.22 0.56 25.46 0.16 25.33 0.08 24.51 0.1 24.57 0.1 23.68 0.1 9999.0 9999.0 21.59 0.1 9999.0 9999.0 23.51 0.1 23.39 0.1 2.112
Q2343-BX555 25.05 0.31 24.39 0.1 24.16 0.04 23.71 0.1 22.99 0.1 9999.0 9999.0 9999.0 9999.0 22.75 0.13 9999.0 9999.0 23.06 0.1 9999.0 9999.0 2.049
Q2343-BX558 26.47 9999.0 26.37 0.31 25.8 0.1 27.21 0.18 25.86 0.13 9999.0 9999.0 9999.0 9999.0 24.2 0.4 9999.0 9999.0 24.31 0.1 9999.0 9999.0 2.277
Q2343-BX561 25.02 0.25 24.69 0.1 24.68 0.06 23.99 0.1 23.9 0.1 23.37 0.1 9999.0 9999.0 23.42 0.15 9999.0 9999.0 23.68 0.1 9999.0 9999.0 1.69
Q2343-BX563 26.12 9999.0 25.53 0.2 25.11 0.08 24.52 0.1 23.91 0.1 23.51 0.1 9999.0 9999.0 23.18 0.1 9999.0 9999.0 23.64 0.1 23.59 0.1 2.176
Q2343-BX567 26.25 9999.0 26.34 0.35 25.87 0.11 26.24 0.1 26.64 0.13 9999.0 9999.0 9999.0 9999.0 24.14 0.23 9999.0 9999.0 24.45 0.1 9999.0 9999.0 2.112
Q2343-BX574 25.53 0.42 24.94 0.14 24.56 0.06 24.57 0.1 9999.0 9999.0 9999.0 9999.0 9999.0 9999.0 22.19 0.14 9999.0 9999.0 22.96 0.1 9999.0 9999.0 1.496
Q2343-BX576 25.51 0.37 24.91 0.12 24.82 0.06 24.38 0.1 24.16 0.1 24.51 0.26 9999.0 9999.0 23.47 0.15 9999.0 9999.0 23.81 0.1 9999.0 9999.0 1.824
Q2343-BX585 26.94 0.69 27.21 0.5 26.55 0.14 26.94 0.1 25.71 0.1 25.72 0.41 9999.0 9999.0 21.47 0.1 9999.0 9999.0 24.11 0.1 24.16 0.1 1.628
Q2343-BX587 25.0 0.29 23.78 0.1 23.43 0.02 23.13 0.1 22.41 0.1 22.33 0.1 9999.0 9999.0 22.45 0.12 9999.0 9999.0 22.67 0.1 22.49 0.1 2.243
Q2343-BX587-CS4 25.78 9999.0 24.56 0.11 23.78 0.03 23.69 0.1 22.88 0.1 22.69 0.1 9999.0 9999.0 21.61 0.1 9999.0 9999.0 23.16 0.1 22.98 0.1 2.888
Q2343-BX587-CS5 23.65 0.14 22.87 0.1 21.58 0.01 20.81 0.1 20.07 0.1 19.85 0.1 9999.0 9999.0 20.06 0.1 9999.0 9999.0 20.36 0.1 20.23 0.1 0.716
Q2343-BX588 25.76 0.44 25.2 0.15 25.08 0.07 24.59 0.1 24.94 0.1 23.75 0.13 9999.0 9999.0 23.16 0.25 9999.0 9999.0 23.68 0.1 9999.0 9999.0 1.799
Q2343-BX59 24.9 0.24 24.56 0.1 24.39 0.05 24.15 0.1 23.92 0.1 9999.0 9999.0 9999.0 9999.0 9999.0 9999.0 9999.0 9999.0 9999.0 9999.0 9999.0 9999.0 1.928
Q2343-BX590 26.09 0.53 25.5 0.17 25.25 0.08 25.55 0.1 25.0 0.1 25.02 0.36 9999.0 9999.0 9999.0 9999.0 9999.0 9999.0 24.29 0.1 9999.0 9999.0 2.604
Q2343-BX591 25.18 0.32 24.18 0.1 24.02 0.04 9999.0 9999.0 9999.0 9999.0 9999.0 9999.0 9999.0 9999.0 9999.0 9999.0 9999.0 9999.0 9999.0 9999.0 9999.0 9999.0 2.123
Q2343-BX594 25.25 0.36 23.94 0.1 23.6 0.03 9999.0 9999.0 9999.0 9999.0 9999.0 9999.0 9999.0 9999.0 9999.0 9999.0 9999.0 9999.0 9999.0 9999.0 9999.0 9999.0 2.31
Q2343-BX599 24.41 0.2 23.77 0.1 23.62 0.03 23.08 0.1 22.71 0.1 22.29 0.1 9999.0 9999.0 21.92 0.1 9999.0 9999.0 22.34 0.1 9999.0 9999.0 2.012
Q2343-BX600 26.87 1.01 26.72 0.49 26.03 0.12 25.77 0.1 27.06 0.13 25.78 0.39 9999.0 9999.0 9999.0 9999.0 9999.0 9999.0 23.87 0.1 9999.0 9999.0 2.112
Q2343-BX601 24.72 0.23 23.77 0.1 23.5 0.03 23.4 0.1 22.47 0.1 22.69 0.1 9999.0 9999.0 21.81 0.1 9999.0 9999.0 22.64 0.1 22.5 0.1 2.377
Q2343-BX602 26.84 0.87 26.38 0.32 26.06 0.12 25.57 0.1 25.84 0.1 25.48 0.45 9999.0 9999.0 24.17 0.31 9999.0 9999.0 24.25 0.1 9999.0 9999.0 1.598
Q2343-BX607 26.13 0.62 25.1 0.14 24.81 0.06 24.74 0.1 24.46 0.1 24.86 0.35 9999.0 9999.0 23.43 0.12 9999.0 9999.0 24.02 0.1 9999.0 9999.0 2.634
Q2343-BX608 25.07 0.34 24.18 0.1 23.86 0.04 22.75 0.1 22.29 0.1 22.01 0.1 9999.0 9999.0 9999.0 9999.0 9999.0 9999.0 9999.0 9999.0 9999.0 9999.0 1.798
Q2343-BX610 24.6 0.1 23.97 0.1 23.6 0.1 22.33 0.1 21.88 0.1 21.27 0.1 9999.0 9999.0 20.11 0.1 9999.0 9999.0 22.06 0.1 9999.0 9999.0 2.21
Q2343-BX610-CS1 26.41 0.77 26.1 0.32 25.32 0.08 24.7 0.1 25.63 0.11 24.0 0.15 9999.0 9999.0 9999.0 9999.0 9999.0 9999.0 24.74 0.1 9999.0 9999.0 2.152
Q2343-BX610-CS5 27.14 9999.0 27.25 0.52 26.93 0.18 9999.0 9999.0 26.41 0.1 26.16 0.61 9999.0 9999.0 9999.0 9999.0 9999.0 9999.0 24.55 0.1 9999.0 9999.0 1.961
Q2343-BX612 26.07 0.61 25.43 0.19 25.09 0.08 25.02 0.1 25.15 0.1 9999.0 9999.0 9999.0 9999.0 24.47 0.41 9999.0 9999.0 24.31 0.1 9999.0 9999.0 2.079
Q2343-BX618 25.94 0.75 25.09 0.19 24.41 0.06 24.85 0.1 24.42 0.1 24.38 0.32 9999.0 9999.0 23.84 0.2 9999.0 9999.0 24.35 0.1 24.06 0.1 2.896
Q2343-BX62 25.08 0.27 24.33 0.1 24.18 0.04 24.5 0.1 23.56 0.1 23.41 0.11 23.56 0.43 22.83 0.22 9999.0 9999.0 9999.0 9999.0 9999.0 9999.0 2.497
Q2343-BX628 25.94 0.5 25.11 0.13 24.87 0.06 24.85 0.1 24.98 0.1 26.46 0.24 9999.0 9999.0 23.79 0.13 9999.0 9999.0 24.1 0.1 24.44 0.1 2.279
Q2343-BX635 24.99 0.26 24.54 0.1 24.45 0.05 9999.0 9999.0 9999.0 9999.0 9999.0 9999.0 9999.0 9999.0 9999.0 9999.0 9999.0 9999.0 9999.0 9999.0 9999.0 9999.0 1.609
Q2343-BX636 23.97 0.14 23.42 0.1 23.24 0.02 22.59 0.1 22.05 0.1 21.69 0.1 9999.0 9999.0 21.41 0.1 9999.0 9999.0 22.01 0.1 9999.0 9999.0 2.046
Q2343-BX638 26.22 0.7 25.22 0.16 24.94 0.07 9999.0 9999.0 9999.0 9999.0 9999.0 9999.0 9999.0 9999.0 9999.0 9999.0 9999.0 9999.0 23.72 0.1 9999.0 9999.0 2.415
Q2343-BX640 26.78 1.06 25.94 0.27 25.3 0.09 25.48 0.1 24.85 0.1 24.69 0.28 9999.0 9999.0 23.88 0.31 9999.0 9999.0 24.27 0.1 9999.0 9999.0 2.683
Q2343-BX644 26.3 0.93 24.53 0.1 24.15 0.04 24.58 0.1 23.03 0.1 9999.0 9999.0 9999.0 9999.0 22.01 0.1 9999.0 9999.0 22.91 0.1 9999.0 9999.0 2.401
Q2343-BX645 26.29 0.75 25.37 0.18 24.95 0.07 24.12 0.1 23.74 0.1 22.98 0.1 9999.0 9999.0 21.69 0.1 9999.0 9999.0 23.21 0.1 23.11 0.1 1.536
Q2343-BX646 25.99 0.62 25.15 0.16 24.84 0.07 23.38 0.1 22.79 0.1 23.04 0.1 9999.0 9999.0 21.66 0.1 9999.0 9999.0 22.63 0.1 9999.0 9999.0 1.626
Q2343-BX648 26.42 0.68 25.94 0.25 25.41 0.08 24.54 0.1 24.79 0.1 24.87 0.3 9999.0 9999.0 23.8 0.15 9999.0 9999.0 23.89 0.1 9999.0 9999.0 0.892
Q2343-BX650 25.32 0.31 25.11 0.14 24.97 0.06 24.48 0.1 24.82 0.1 24.3 0.22 9999.0 9999.0 22.73 0.1 9999.0 9999.0 23.1 0.1 9999.0 9999.0 1.669
Q2343-BX652 26.26 0.68 25.43 0.18 25.18 0.08 24.15 0.1 23.8 0.1 23.73 0.12 9999.0 9999.0 22.66 0.1 9999.0 9999.0 23.48 0.1 9999.0 9999.0 1.546
Q2343-BX660 24.71 0.19 24.22 0.1 24.17 0.04 24.58 0.1 9999.0 9999.0 24.15 0.1 9999.0 9999.0 24.06 0.27 9999.0 9999.0 25.26 0.1 9999.0 9999.0 2.174
Q2343-BX660-CS6 26.99 9999.0 28.51 1.58 26.72 0.17 9999.0 9999.0 26.83 0.14 9999.0 9999.0 9999.0 9999.0 9999.0 9999.0 9999.0 9999.0 25.09 0.1 24.83 0.1 2.172
Q2343-BX660-CS7 26.67 0.25 25.65 0.15 25.45 0.11 24.16 0.1 23.21 0.1 22.9 0.1 9999.0 9999.0 21.96 0.1 9999.0 9999.0 23.28 0.1 23.08 0.1 2.079
Q2343-BX668 25.32 0.41 24.61 0.12 24.26 0.05 9999.0 9999.0 9999.0 9999.0 9999.0 9999.0 9999.0 9999.0 9999.0 9999.0 9999.0 9999.0 9999.0 9999.0 9999.0 9999.0 1.852
Q2343-BX675 26.84 9999.0 27.29 0.49 26.67 0.14 26.08 0.1 26.74 0.15 9999.0 9999.0 9999.0 9999.0 22.65 0.23 9999.0 9999.0 23.62 0.1 9999.0 9999.0 2.048
Q2343-BX70 25.94 0.51 25.21 0.15 24.99 0.07 25.86 0.1 24.49 0.1 9999.0 9999.0 9999.0 9999.0 9999.0 9999.0 9999.0 9999.0 9999.0 9999.0 9999.0 9999.0 2.409
Q2343-BX71 27.08 0.99 26.38 0.29 26.03 0.1 25.18 0.1 25.04 0.1 24.53 0.17 9999.0 9999.0 9999.0 9999.0 9999.0 9999.0 9999.0 9999.0 9999.0 9999.0 2.095
Q2343-BX721 22.99 0.1 22.25 0.1 22.13 0.01 21.71 0.1 21.15 0.1 9999.0 9999.0 9999.0 9999.0 9999.0 9999.0 9999.0 9999.0 9999.0 9999.0 9999.0 9999.0 2.008
Q2343-BX76 25.86 0.54 24.76 0.11 24.41 0.05 9999.0 9999.0 9999.0 9999.0 9999.0 9999.0 9999.0 9999.0 9999.0 9999.0 9999.0 9999.0 9999.0 9999.0 9999.0 9999.0 2.137
Q2343-BX94 25.03 0.29 24.52 0.1 24.14 0.04 23.3 0.1 22.69 0.1 22.63 0.1 21.96 0.1 21.87 0.14 9999.0 9999.0 22.86 0.1 9999.0 9999.0 1.632
Q2343-BX95 26.03 9999.0 25.35 0.18 25.11 0.08 24.57 0.1 24.13 0.1 9999.0 9999.0 9999.0 9999.0 9999.0 9999.0 9999.0 9999.0 9999.0 9999.0 9999.0 9999.0 2.169
Q2343-BX98 22.99 0.1 22.77 0.1 22.72 0.01 22.39 0.1 21.99 0.1 22.23 0.1 21.88 0.1 21.56 0.1 9999.0 9999.0 22.11 0.1 9999.0 9999.0 1.636
Q2343-C14 25.93 9999.0 25.13 0.16 24.5 0.05 24.88 0.1 24.36 0.1 23.78 0.15 9999.0 9999.0 24.0 0.16 9999.0 9999.0 24.14 0.1 9999.0 9999.0 3.041
Q2343-C17 27.07 9999.0 25.51 0.17 25.04 0.07 25.15 0.1 24.59 0.1 24.05 0.14 9999.0 9999.0 23.85 0.29 9999.0 9999.0 24.51 0.1 9999.0 9999.0 2.989
Q2343-C19 27.89 9999.0 25.99 0.24 25.34 0.08 25.92 0.1 25.35 0.1 26.45 0.48 9999.0 9999.0 9999.0 9999.0 9999.0 9999.0 25.16 0.1 9999.0 9999.0 3.525
Q2343-C21 26.02 9999.0 25.35 0.22 24.61 0.06 9999.0 9999.0 9999.0 9999.0 9999.0 9999.0 9999.0 9999.0 22.2 0.18 9999.0 9999.0 9999.0 9999.0 9999.0 9999.0 2.761
Q2343-C28 27.6 9999.0 25.1 0.16 24.25 0.04 23.93 0.1 23.31 0.1 23.02 0.1 9999.0 9999.0 22.0 0.1 9999.0 9999.0 23.4 0.1 23.23 0.1 3.014
Q2343-C31 26.3 9999.0 25.32 0.18 24.65 0.06 24.74 0.1 24.22 0.1 26.15 0.23 9999.0 9999.0 23.9 0.3 9999.0 9999.0 24.16 0.1 9999.0 9999.0 3.057
Q2343-C36 26.37 9999.0 25.1 0.15 24.73 0.06 24.91 0.1 24.53 0.1 23.65 0.13 9999.0 9999.0 23.54 0.24 9999.0 9999.0 24.26 0.1 24.11 0.1 2.724
Q2343-C40 26.81 9999.0 25.38 0.17 24.63 0.06 24.75 0.1 23.99 0.1 24.01 0.16 9999.0 9999.0 24.11 0.34 9999.0 9999.0 24.71 0.1 24.45 0.1 3.303
Q2343-C41 26.34 9999.0 25.17 0.18 24.7 0.06 24.79 0.1 24.03 0.1 24.12 0.22 9999.0 9999.0 22.77 0.1 9999.0 9999.0 24.12 0.1 9999.0 9999.0 2.761
Q2343-C42 26.35 9999.0 25.07 0.15 24.35 0.05 24.27 0.1 23.52 0.1 23.51 0.12 9999.0 9999.0 23.08 0.17 9999.0 9999.0 23.76 0.1 23.58 0.1 3.068
Q2343-C51 26.86 9999.0 26.58 0.41 25.83 0.1 26.25 0.1 26.88 0.24 25.15 0.35 9999.0 9999.0 23.8 0.22 9999.0 9999.0 24.55 0.1 9999.0 9999.0 3.093
Q2343-C8 26.89 9999.0 26.81 0.51 26.3 0.13 9999.0 9999.0 9999.0 9999.0 9999.0 9999.0 23.73 0.15 9999.0 9999.0 9999.0 9999.0 9999.0 9999.0 9999.0 9999.0 2.538
Q2343-D13 25.63 9999.0 24.51 0.11 23.39 0.02 23.53 0.1 22.78 0.1 22.39 0.1 9999.0 9999.0 9999.0 9999.0 9999.0 9999.0 9999.0 9999.0 9999.0 9999.0 3.477
Q2343-D16 26.43 0.8 25.15 0.14 25.01 0.07 25.35 0.1 25.12 0.1 24.55 0.26 9999.0 9999.0 23.82 0.35 9999.0 9999.0 24.42 0.1 9999.0 9999.0 2.583
Q2343-D17 26.09 9999.0 25.26 0.15 24.92 0.06 9999.0 9999.0 9999.0 9999.0 9999.0 9999.0 9999.0 9999.0 9999.0 9999.0 9999.0 9999.0 9999.0 9999.0 9999.0 9999.0 2.519
Q2343-D19 26.37 9999.0 25.19 0.15 24.68 0.05 24.46 0.1 24.02 0.1 23.14 0.1 9999.0 9999.0 22.57 0.1 9999.0 9999.0 23.5 0.1 23.42 0.1 2.572
Q2343-D22 26.33 9999.0 25.31 0.17 24.61 0.06 24.5 0.1 23.73 0.1 23.5 0.1 9999.0 9999.0 23.24 0.18 9999.0 9999.0 23.79 0.1 23.48 0.1 2.817
Q2343-D24 25.93 9999.0 24.85 0.12 24.46 0.05 9999.0 9999.0 9999.0 9999.0 9999.0 9999.0 9999.0 9999.0 9999.0 9999.0 9999.0 9999.0 9999.0 9999.0 9999.0 9999.0 2.919
Q2343-D25 26.78 1.06 25.38 0.16 25.05 0.07 25.33 0.1 24.86 0.1 24.76 0.24 9999.0 9999.0 23.55 0.24 9999.0 9999.0 23.99 0.1 24.16 0.1 2.187
Q2343-D29 26.33 0.76 25.17 0.15 24.82 0.06 24.78 0.1 24.35 0.1 23.94 0.12 9999.0 9999.0 22.99 0.16 9999.0 9999.0 23.86 0.1 23.73 0.1 2.387
Q2343-D34 26.09 0.61 24.65 0.1 24.41 0.05 24.36 0.1 23.55 0.1 22.93 0.1 9999.0 9999.0 22.93 0.11 9999.0 9999.0 23.5 0.1 9999.0 9999.0 2.454
Q2343-D35 27.75 9999.0 26.79 0.53 26.07 0.13 9999.0 9999.0 9999.0 9999.0 9999.0 9999.0 9999.0 9999.0 21.68 0.1 9999.0 9999.0 22.99 0.1 9999.0 9999.0 2.399
Q2343-D37 25.74 0.53 24.83 0.13 24.56 0.06 24.82 0.1 24.61 0.1 23.95 0.18 9999.0 9999.0 9999.0 9999.0 9999.0 9999.0 9999.0 9999.0 9999.0 9999.0 2.797
Q2343-D40 26.15 9999.0 25.22 0.16 24.81 0.06 25.22 0.1 24.74 0.1 24.33 0.23 9999.0 9999.0 9999.0 9999.0 9999.0 9999.0 24.57 0.1 9999.0 9999.0 2.962
Q2343-FSzP1105 9999.0 9999.0 25.82 0.15 9999.0 9999.0 23.51 0.1 21.99 0.11 21.74 0.1 9999.0 9999.0 20.37 0.1 9999.0 9999.0 22.39 0.1 22.13 0.1 2.114
Q2343-FSzP1170 9999.0 9999.0 23.31 0.1 9999.0 9999.0 23.76 0.11 22.43 0.1 22.25 0.1 9999.0 9999.0 21.43 0.1 9999.0 9999.0 22.96 0.1 22.94 0.1 2.569
Q2343-FSzP1252 9999.0 9999.0 26.19 0.2 9999.0 9999.0 23.84 0.11 22.54 0.11 22.21 0.1 9999.0 9999.0 21.3 0.1 9999.0 9999.0 22.93 0.1 22.65 0.1 2.048
Q2343-FSzP1257 24.31 0.1 22.73 0.1 9999.0 9999.0 23.52 0.11 22.35 0.1 22.56 0.1 9999.0 9999.0 21.01 0.1 9999.0 9999.0 22.22 0.1 22.71 0.1 2.113
Q2343-FSzP1477 9999.0 9999.0 9999.0 9999.0 9999.0 9999.0 25.13 0.16 23.6 0.1 23.43 0.1 9999.0 9999.0 21.41 0.1 9999.0 9999.0 23.75 0.1 23.52 0.1 2.168
Q2343-FSzP863 9999.0 9999.0 9999.0 9999.0 9999.0 9999.0 24.44 0.11 22.51 0.11 22.57 0.1 9999.0 9999.0 21.39 0.1 9999.0 9999.0 23.22 0.1 9999.0 9999.0 2.544
Q2343-G472 26.73 0.66 26.46 0.29 26.3 0.13 26.25 0.1 26.1 0.1 25.12 0.27 9999.0 9999.0 9999.0 9999.0 9999.0 9999.0 24.95 0.1 24.33 0.1 2.214
Q2343-M19 26.67 9999.0 25.39 0.23 24.56 0.06 9999.0 9999.0 9999.0 9999.0 9999.0 9999.0 22.25 0.1 21.95 0.14 9999.0 9999.0 9999.0 9999.0 9999.0 9999.0 3.013
Q2343-M43 26.32 9999.0 25.84 0.26 25.02 0.07 24.67 0.1 23.89 0.1 24.09 0.17 9999.0 9999.0 22.38 0.1 9999.0 9999.0 23.54 0.1 9999.0 9999.0 2.758
Q2343-M46 26.86 9999.0 25.89 0.27 25.06 0.07 25.06 0.1 26.03 0.11 25.05 0.4 9999.0 9999.0 24.07 0.22 9999.0 9999.0 24.92 0.1 24.75 0.1 3.015
Q2343-M49 26.57 9999.0 25.95 0.33 24.71 0.06 24.27 0.1 23.33 0.1 9999.0 9999.0 9999.0 9999.0 22.1 0.1 9999.0 9999.0 23.44 0.1 9999.0 9999.0 2.815
Q2343-M51 26.8 9999.0 26.64 0.5 25.62 0.1 25.76 0.1 26.13 0.12 24.62 0.25 9999.0 9999.0 9999.0 9999.0 9999.0 9999.0 25.13 0.1 24.99 0.1 3.085
Q2343-M59 26.86 9999.0 27.1 0.46 26.54 0.16 9999.0 9999.0 9999.0 9999.0 9999.0 9999.0 9999.0 9999.0 9999.0 9999.0 9999.0 9999.0 24.28 0.1 9999.0 9999.0 2.4
Q2343-MD17 26.2 9999.0 25.63 0.25 24.91 0.07 9999.0 9999.0 9999.0 9999.0 9999.0 9999.0 22.82 0.15 9999.0 9999.0 9999.0 9999.0 9999.0 9999.0 9999.0 9999.0 2.752
Q2343-MD20 26.15 9999.0 25.65 0.24 25.05 0.07 25.12 0.1 25.78 0.14 9999.0 9999.0 23.52 0.22 9999.0 9999.0 9999.0 9999.0 24.34 0.1 9999.0 9999.0 2.759
Q2343-MD22 25.77 9999.0 24.5 0.1 23.95 0.04 24.06 0.1 23.41 0.1 23.53 0.13 9999.0 9999.0 9999.0 9999.0 9999.0 9999.0 9999.0 9999.0 9999.0 9999.0 2.72
Q2343-MD29 25.83 0.8 24.33 0.11 23.47 0.03 9999.0 9999.0 9999.0 9999.0 9999.0 9999.0 9999.0 9999.0 9999.0 9999.0 9999.0 9999.0 9999.0 9999.0 9999.0 9999.0 3.014
Q2343-MD33 25.98 9999.0 25.46 0.2 24.89 0.06 24.8 0.1 24.4 0.1 23.77 0.14 9999.0 9999.0 23.53 0.26 9999.0 9999.0 24.02 0.1 9999.0 9999.0 2.667
Q2343-MD37 26.53 9999.0 26.94 0.45 26.69 0.17 9999.0 9999.0 27.44 0.12 26.99 0.6 9999.0 9999.0 24.48 0.35 9999.0 9999.0 25.42 0.1 9999.0 9999.0 2.425
Q2343-MD41 26.17 9999.0 24.99 0.14 24.43 0.05 23.94 0.1 23.25 0.1 23.02 0.1 9999.0 9999.0 22.23 0.1 9999.0 9999.0 23.12 0.1 9999.0 9999.0 2.34
Q2343-MD46 25.91 0.58 24.71 0.11 24.53 0.05 9999.0 9999.0 9999.0 9999.0 9999.0 9999.0 9999.0 9999.0 23.47 0.22 9999.0 9999.0 24.43 0.1 9999.0 9999.0 2.687
Q2343-MD49 26.16 9999.0 24.95 0.16 24.23 0.05 9999.0 9999.0 9999.0 9999.0 9999.0 9999.0 9999.0 9999.0 23.48 0.31 9999.0 9999.0 24.27 0.1 9999.0 9999.0 3.023
Q2343-MD59 26.22 9999.0 25.76 0.23 25.43 0.08 24.48 0.1 24.27 0.1 23.16 0.1 9999.0 9999.0 22.25 0.11 9999.0 9999.0 23.09 0.1 23.07 0.1 2.012
Q2343-MD62 26.09 9999.0 25.47 0.19 25.04 0.07 24.94 0.1 24.59 0.1 23.68 0.11 9999.0 9999.0 9999.0 9999.0 9999.0 9999.0 23.62 0.1 23.15 0.1 2.175
Q2343-MD64 26.45 0.79 25.29 0.15 25.0 0.07 24.9 0.1 24.64 0.1 24.5 0.24 9999.0 9999.0 23.22 0.1 9999.0 9999.0 23.9 0.1 23.82 0.1 2.8
Q2343-MD76 25.01 0.3 23.96 0.1 24.08 0.04 23.76 0.1 23.28 0.1 9999.0 9999.0 9999.0 9999.0 9999.0 9999.0 9999.0 9999.0 9999.0 9999.0 9999.0 9999.0 2.107
Q2343-MD77 23.49 0.1 22.65 0.1 22.95 0.02 23.25 0.1 21.97 0.1 21.39 0.1 9999.0 9999.0 9999.0 9999.0 9999.0 9999.0 9999.0 9999.0 9999.0 9999.0 2.232
Q2343-MD80 25.87 0.52 24.96 0.13 24.82 0.06 24.07 0.1 23.43 0.1 23.34 0.1 9999.0 9999.0 22.38 0.29 9999.0 9999.0 23.28 0.1 9999.0 9999.0 2.013
Q2343-MD81 25.89 0.66 24.04 0.1 23.49 0.02 23.45 0.1 22.97 0.1 23.01 0.1 9999.0 9999.0 22.59 0.1 9999.0 9999.0 23.26 0.1 9999.0 9999.0 2.907
Q2343-MD86 26.63 9999.0 26.32 0.39 25.73 0.12 26.1 0.1 27.61 0.19 26.45 0.68 9999.0 9999.0 24.17 0.23 9999.0 9999.0 25.78 0.1 25.45 0.1 2.398
Q2343-MD9 26.29 0.91 24.98 0.15 24.61 0.07 9999.0 9999.0 9999.0 9999.0 9999.0 9999.0 21.56 0.1 9999.0 9999.0 21.58 0.28 9999.0 9999.0 9999.0 9999.0 1.857
Q2343-Q2343 17.65 0.1 17.82 0.1 17.1 0.0 17.61 0.1 16.48 0.1 16.61 0.1 9999.0 9999.0 15.96 0.0 9999.0 9999.0 17.19 0.1 16.68 0.1 2.573
Q2343-RK104 26.1 9999.0 26.02 0.35 24.96 0.07 23.22 0.1 22.53 0.1 21.86 0.1 9999.0 9999.0 20.41 0.1 9999.0 9999.0 22.07 0.1 9999.0 9999.0 1.476
Q2343-RK113 26.16 0.72 25.71 0.27 24.9 0.07 23.39 0.1 22.81 0.1 22.43 0.1 9999.0 9999.0 21.4 0.1 9999.0 9999.0 22.45 0.1 22.27 0.1 1.281
Q2343-RK120 26.3 0.71 25.74 0.24 25.08 0.08 24.3 0.1 23.53 0.1 23.02 0.1 9999.0 9999.0 21.01 0.1 9999.0 9999.0 23.21 0.1 22.94 0.1 2.35
Q2343-fBM23 26.61 0.71 26.31 0.3 25.86 0.1 25.79 0.1 25.29 0.1 25.81 0.62 9999.0 9999.0 24.09 0.22 9999.0 9999.0 24.42 0.1 9999.0 9999.0 1.32
Q2343-fBM33 26.81 9999.0 26.74 0.33 26.32 0.12 26.38 0.1 25.81 0.1 25.42 0.32 9999.0 9999.0 24.09 0.28 9999.0 9999.0 24.46 0.1 24.48 0.1 1.459
Q2343-fBM40 26.72 0.64 26.87 0.42 26.26 0.12 9999.0 9999.0 27.75 0.1 25.82 0.29 9999.0 9999.0 24.6 0.34 9999.0 9999.0 24.78 0.1 9999.0 9999.0 2.147
Q2343-fBM43 26.34 0.63 26.36 0.36 25.91 0.11 9999.0 9999.0 9999.0 9999.0 9999.0 9999.0 9999.0 9999.0 9999.0 9999.0 9999.0 9999.0 9999.0 9999.0 9999.0 9999.0 1.505
Q2343-fBM50 26.81 0.93 26.22 0.3 26.08 0.12 9999.0 9999.0 9999.0 9999.0 9999.0 9999.0 9999.0 9999.0 9999.0 9999.0 9999.0 9999.0 24.24 0.1 9999.0 9999.0 2.209
Q2343-fBX106 27.27 9999.0 27.03 0.49 26.55 0.15 9999.0 9999.0 9999.0 9999.0 9999.0 9999.0 9999.0 9999.0 22.63 0.32 9999.0 9999.0 9999.0 9999.0 9999.0 9999.0 2.035
Q2343-fBX128 26.64 9999.0 26.56 0.37 25.98 0.13 25.24 0.1 25.25 0.1 24.37 0.16 9999.0 9999.0 24.3 0.39 9999.0 9999.0 23.99 0.1 24.01 0.1 1.628
Q2343-fBX131 26.57 9999.0 26.84 0.46 26.16 0.12 9999.0 9999.0 9999.0 9999.0 9999.0 9999.0 9999.0 9999.0 9999.0 9999.0 9999.0 9999.0 9999.0 9999.0 9999.0 9999.0 2.576
Q2343-fBX133 26.35 9999.0 26.41 0.35 25.93 0.11 9999.0 9999.0 9999.0 9999.0 9999.0 9999.0 9999.0 9999.0 23.5 0.32 9999.0 9999.0 25.31 0.1 9999.0 9999.0 2.258
Q2343-fBX134 26.85 9999.0 27.96 0.9 27.31 0.21 9999.0 9999.0 9999.0 9999.0 9999.0 9999.0 9999.0 9999.0 24.66 0.42 9999.0 9999.0 24.94 0.1 9999.0 9999.0 2.173
Q2343-fBX145 26.92 0.81 26.5 0.31 26.22 0.12 25.34 0.1 25.25 0.1 25.05 0.26 9999.0 9999.0 23.51 0.22 9999.0 9999.0 23.77 0.1 23.72 0.1 1.957
Q2343-fBX162 26.55 9999.0 26.57 0.36 26.08 0.12 25.49 0.1 25.6 0.1 25.52 0.45 9999.0 9999.0 23.82 0.17 9999.0 9999.0 24.16 0.1 24.24 0.1 2.214
Q2343-fBX168 26.26 9999.0 26.38 0.38 26.08 0.13 25.88 0.1 25.84 0.1 25.33 0.46 9999.0 9999.0 24.02 0.22 9999.0 9999.0 24.59 0.1 24.47 0.1 2.173
Q2343-fBX169 27.2 1.02 26.74 0.38 26.32 0.12 25.75 0.1 26.19 0.2 9999.0 9999.0 9999.0 9999.0 9999.0 9999.0 9999.0 9999.0 24.86 0.1 9999.0 9999.0 1.303
Q2343-fBX171 26.92 0.91 26.91 0.51 26.54 0.13 9999.0 9999.0 9999.0 9999.0 9999.0 9999.0 9999.0 9999.0 9999.0 9999.0 9999.0 9999.0 9999.0 9999.0 9999.0 9999.0 2.389
Q2343-fBX47 26.62 9999.0 27.45 0.68 26.56 0.14 9999.0 9999.0 26.36 0.1 26.84 0.38 9999.0 9999.0 23.08 0.15 9999.0 9999.0 24.01 0.1 9999.0 9999.0 2.197
Q2343-fBX67 27.21 0.75 27.1 0.38 26.6 0.14 26.67 0.1 26.66 0.16 26.27 0.58 9999.0 9999.0 9999.0 9999.0 9999.0 9999.0 24.9 0.1 9999.0 9999.0 1.551
Q2343-fBX76 26.88 9999.0 27.44 0.69 26.74 0.16 9999.0 9999.0 9999.0 9999.0 9999.0 9999.0 9999.0 9999.0 9999.0 9999.0 9999.0 9999.0 9999.0 9999.0 9999.0 9999.0 2.264
Q2343-fBX91 26.03 9999.0 26.1 0.33 25.76 0.11 26.43 0.1 27.1 0.11 25.48 0.39 9999.0 9999.0 9999.0 9999.0 9999.0 9999.0 25.2 0.1 9999.0 9999.0 2.383
Q2343-fBX93 26.69 9999.0 26.43 0.38 26.05 0.13 25.83 0.1 26.37 0.16 9999.0 9999.0 9999.0 9999.0 23.54 0.24 9999.0 9999.0 24.14 0.1 24.15 0.1 2.014
Q2343-fBX96 26.24 9999.0 26.21 0.31 25.66 0.09 9999.0 9999.0 9999.0 9999.0 9999.0 9999.0 9999.0 9999.0 22.02 0.1 9999.0 9999.0 23.33 0.1 9999.0 9999.0 2.054
Q2343-fC13 26.97 9999.0 27.33 0.63 27.23 0.19 9999.0 9999.0 9999.0 9999.0 9999.0 9999.0 9999.0 9999.0 9999.0 9999.0 9999.0 9999.0 25.15 0.1 25.1 0.1 2.684
Q2343-fC23 26.91 9999.0 27.3 0.55 26.94 0.22 9999.0 9999.0 26.85 0.1 9999.0 9999.0 9999.0 9999.0 9999.0 9999.0 9999.0 9999.0 24.57 0.1 9999.0 9999.0 2.172
Q2343-fMD22 27.46 9999.0 27.64 0.59 26.93 0.19 9999.0 9999.0 27.53 0.21 9999.0 9999.0 9999.0 9999.0 23.57 0.15 9999.0 9999.0 24.27 0.1 9999.0 9999.0 2.046
