,id,RA,Dec,z,area,Un_fiso,Un_eiso,Un_cmbfiso,Un_cmbeiso,G_fiso,G_eiso,G_cmbfiso,G_cmbeiso,R_fiso,R_eiso,R_cmbfiso,R_cmbeiso,J_fiso,J_eiso,J_cmbfiso,J_cmbeiso,H_fiso,H_eiso,H_cmbfiso,H_cmbeiso,K_fiso,K_eiso,K_cmbfiso,K_cmbeiso,IRAC1_fiso,IRAC1_eiso,IRAC1_cmbfiso,IRAC1_cmbeiso,IRAC2_fiso,IRAC2_eiso,IRAC2_cmbfiso,IRAC2_cmbeiso,IRAC3_fiso,IRAC3_eiso,IRAC3_cmbfiso,IRAC3_cmbeiso,F110_fiso,F110_eiso,F110_cmbfiso,F110_cmbeiso,F140_fiso,F140_eiso,F140_cmbfiso,F140_cmbeiso,F160_fiso,F160_eiso,F160_cmbfiso,F160_cmbeiso
0,BX537,356.6065305,12.8123817,2.3394,76,0.2793147062780453,0.0241717004519494,0.2793147062780453,0.0241717004519494,0.5665972850421388,0.0358145413562189,0.5665972850421388,0.0358145413562189,0.5947813966394039,0.0294142314793808,0.5947813966394039,0.0294142314793808,1.019960501695661,0.1203771146776566,1.019960501695661,0.1203771146776566,1.817100409875615,0.3182107639126955,1.817100409875615,0.3182107639126955,1.5821651650749329,0.5868013146572072,1.5821651650749329,0.5868013146572072,0.0,9.9e+99,0.0,9.9e+99,1.554075682416207,0.2022345765748981,1.554075682416207,0.2022345765748981,0.0,9.9e+99,0.0,9.9e+99,-0.0002915656241998,0.0,-0.0002915656241998,0.0,1.0436760625371455,0.0467570251071668,1.0436760625371455,0.0467570251071668,1.4578407788116563,0.0501105948172317,1.4578407788116563,0.0501105948172317
1,BX348,356.6143693,12.7864318,2.4491,99,0.116676811081268,0.0272037050763763,0.116676811081268,0.0272037050763763,0.4663851138846012,0.0387323212258589,0.4663851138846012,0.0387323212258589,0.6644782574970711,0.031168257435294,0.6644782574970711,0.031168257435294,1.1975551726575044,0.1742120097953,1.0101988923943603,0.1773838566695853,2.5964442882835637,0.4382888222562425,2.059113659588357,0.4388395931620349,2.7643553758943464,0.6364532607138704,1.8700379509560832,0.6364532607138704,0.0,9.9e+99,0.0,9.9e+99,4.759247193318623,0.2898838931387774,4.5766026334008005,0.2898838931387774,0.0,9.9e+99,0.0,9.9e+99,1.14214308837305,0.0747768497741044,1.0705414393536996,0.0758579136301765,1.7425682867652137,0.0379986013192708,1.6191666317262994,0.0439034440968439,-1.109191163395283e-07,0.0,5.60821730705675e-07,0.0
2,RK120,356.6093603,12.8239555,2.3503,94,0.109580647173506,0.0285694101840951,0.109580647173506,0.0285694101840951,0.3130737842388486,0.0365495886668668,0.3130737842388486,0.0365495886668668,0.4621873066347818,0.0318821569213421,0.4621873066347818,0.0318821569213421,1.5014889687377917,0.1343790961204062,1.3581318500056043,0.1368382344249721,2.806663818416761,0.3243210002120716,2.607356579043092,0.3258120091579105,3.8311229971335985,0.7187610387973727,2.7680399209980733,0.7187610387973727,0.0,9.9e+99,0.0,9.9e+99,6.988401007285347,0.4996406678761455,6.85159874012444,0.4996406678761455,0.0,9.9e+99,0.0,9.9e+99,2.9147736289233213e-08,0.0,-0.0522194428136602,0.0,2.020640162985177,0.0551725542485339,1.9305466132080864,0.0575099298355298,2.6409634725097137,0.0687402887272295,2.4613963197123407,0.0740387481968205
3,BX418,356.57738,12.79649,2.3054,82,0.8251509761731111,0.0319745007775877,0.8251509761731111,0.0319745007775877,1.290461535257636,0.0383585673627721,1.290461535257636,0.0383585673627721,1.065155033651083,0.0317867579347508,1.065155033651083,0.0317867579347508,0.9993727404122396,0.1678903121729944,0.8663847247598575,0.1695410363865623,2.0452512341150224,0.4413969730371088,1.1456333594875412,0.4670342703714785,1.549960516598245,0.5735900894008829,0.715642941297436,0.5735900894008829,0.0,9.9e+99,0.0,9.9e+99,0.8364410112365347,0.1791064887317521,0.782536845253658,0.1791064887317521,0.0,9.9e+99,0.0,9.9e+99,8.265558812810701e-10,0.0,-0.0466932859534333,0.0,1.066232032426386,0.0498044303897561,0.983546201996246,0.0517973545615738,2.6225353786721226,0.0498205515964318,1.7507641889117624,0.1561001957736146
4,BX336,356.6231682,12.7847323,2.5445,144,0.2223454409471525,0.0307882714622846,0.2223454409471525,0.0307882714622846,0.7338895499226012,0.0470088910367751,0.7338895499226012,0.0470088910367751,0.9925064383636328,0.0465078529645081,0.9925064383636328,0.0465078529645081,2.1549946318262796,0.3016091393754109,1.977856053432721,0.3032993344236369,3.168127105775181,0.5817717238194873,2.2960384232461393,0.5817717238194873,4.1085886664494335,0.7880017376102588,4.0111592575900294,0.7880017376102588,0.0,9.9e+99,0.0,9.9e+99,3.6624277715162266,0.3952183839854516,3.5594040151822295,0.3952183839854516,0.0,9.9e+99,0.0,9.9e+99,1.4582940689390411,0.0964642366202721,1.3955274957556418,0.0971274260946882,2.0077162483185496,0.0659934767359852,1.8973165551809208,0.0689361997200982,9.353708336682624e-07,0.0,1.5428083397968388e-06,0.0
5,BX523,356.6464617,12.810486,2.2696,77,0.3042386242690003,0.0246595496550781,0.3042386242690003,0.0246595496550781,0.5631375006972852,0.0371489246529905,0.5631375006972852,0.0371489246529905,0.5873332648707819,0.0324358529763563,0.5873332648707819,0.0324358529763563,0.6307633894472126,0.1690496308633531,0.5363805662684851,0.1698803053059791,1.402423735099978,0.2816736345712415,0.8561412933993786,0.2977844743405421,1.4883200775299343,0.7151272468950733,0.7934584629710373,0.7151272468950733,0.0,9.9e+99,0.0,9.9e+99,1.1132419506982465,0.1607594728544127,1.0451018272292076,0.1607594728544127,0.0,9.9e+99,0.0,9.9e+99,-0.0021379238274016,0.0,-0.0351027651449925,0.0,0.9561366671394904,0.0698904627012211,0.8646282429475557,0.0711382359675255,1.293737782423153e-07,0.0,-0.5270481906088714,0.0
6,BX274,356.6090119,12.7778494,2.1203,87,0.1452277678345352,0.0274994494679698,0.1452277678345352,0.0274994494679698,0.3415514200901471,0.0375115215239665,0.3415514200901471,0.0375115215239665,0.3177791363528658,0.0357940981295922,0.3177791363528658,0.0357940981295922,0.6600944123387786,0.1572378811652326,0.6036897514123265,0.1575698766634062,0.818263484025495,0.327487014121922,0.721382515542595,0.3278284557595721,1.0501218193341268,0.6626939187988935,0.9185203772068508,0.6626939187988935,0.0,9.9e+99,0.0,9.9e+99,1.6250420478149077,0.1472770141339942,1.6168887173984516,0.1472770141339942,0.0,9.9e+99,0.0,9.9e+99,0.0236560404384662,0.0,0.0034718294346518,0.0,1.045965179765839,0.060802002788893,0.9869044320850788,0.0614749781983921,-1.274219618477818e-06,0.0,-0.1053542786747604,0.0
7,BX390,356.6030244,12.7926705,2.2311,103,0.3105784662494535,0.0399563242882891,0.3105784662494535,0.0399563242882891,0.6198960977288448,0.049899904912193,0.6198960977288448,0.049899904912193,0.7391433010041367,0.0354507248108324,0.7391433010041367,0.0354507248108324,1.1066036054093855,0.1877025662683073,0.9734686698264656,0.18923063313826,1.9787068951011129,0.4064205586220991,1.6257374959099085,0.4106557298041511,1.8762278098484213,0.6362142933862319,1.7410455566248195,0.6362142933862319,0.0,9.9e+99,0.0,9.9e+99,1.701195394063325,0.1927322885191296,1.694047313451176,0.1927322885191296,0.0,9.9e+99,0.0,9.9e+99,0.6902973288400837,0.0,0.6412558494426588,0.0,1.4393600506885793,0.0504401041993074,1.3225605599094854,0.0530169228920031,1.7030010986557094,0.0827615797457064,1.341604469585823,0.1020133248486732
8,BX391,356.6170149,12.7922015,2.1738,130,0.3396806911352967,0.0275497893048061,0.3396806911352967,0.0275497893048061,0.6456561649425605,0.0480478256210663,0.6456561649425605,0.0480478256210663,0.6256390203104422,0.0432950269460721,0.6256390203104422,0.0432950269460721,0.8576074352471996,0.2521839015671582,0.734051488604744,0.2646653428980806,0.9443339397065597,0.5184530252931389,0.4892517572814745,0.5240028288783116,1.9059875048866413,0.8253607393807068,1.399131830256832,0.8322120566600932,0.0,9.9e+99,0.0,9.9e+99,1.882299976968517,0.350522114163441,1.882299976968517,0.350522114163441,0.0,9.9e+99,0.0,9.9e+99,1.1039755233302928,0.0778811031208731,1.0612254939281305,0.0826918641613661,1.5588391731257212,0.0817764463099931,1.2990669000217634,0.092273768565658,1.681921758952752,0.0,1.2004442265078596,0.0
9,BX474,356.6371295,12.8039106,2.2257,146,0.2292530466559654,0.0339813125372395,0.2292530466559654,0.0339813125372395,0.6697718391064973,0.0411420990786653,0.6697718391064973,0.0411420990786653,0.8020524935965443,0.0388938732550471,0.8020524935965443,0.0388938732550471,2.113115809602049,0.1824584326997584,1.9846421550974087,0.1840155905468593,3.3292794867705195,0.3949536695894923,3.045578753870211,0.3977606791581952,5.008455181810435,0.8710493703189952,4.0943234776385165,0.8710493703189952,0.0,9.9e+99,0.0,9.9e+99,7.599467567317499,0.4846780153110246,7.539698204103826,0.4846780153110246,0.0,9.9e+99,0.0,9.9e+99,1.8835476010566552,0.0865918490898707,1.836786411494135,0.0870272078769284,2.8461395743124513,0.0641182991953769,2.7385756635222793,0.0664273419303502,-0.0192522654483509,0.0,-0.3114582976593569,0.0
10,BX587,356.6216402,12.8175983,2.2427,170,0.4122311173312903,0.0397468826972175,0.4122311173312903,0.0397468826972175,1.2334108917988775,0.0725687263476452,1.2334108917988775,0.0725687263476452,1.6005265164330935,0.0431381266279102,1.6005265164330935,0.0431381266279102,2.9467419468206115,0.197132398428502,2.818118294110324,0.1984625103962707,4.582743722922628,0.4065250093982282,4.247444715418226,0.410106049985753,5.438090066331465,0.8908378961004227,4.8638853588683695,0.8908378961004227,0.0,9.9e+99,0.0,9.9e+99,7.002534422959051,0.8425103238222389,6.965253310048677,0.8425712201573138,0.0,9.9e+99,0.0,9.9e+99,1.122203287842448,0.0,1.0751433313000085,0.0,3.639172102692755,0.1034408144812234,3.5132469681548235,0.1050041246670608,4.730600933984325,0.0865306128255363,4.38825635347204,0.1023873061027803
11,BX350,356.6230078,12.7867139,2.576,68,0.1200100364019064,0.024066473056492,0.1200100364019064,0.024066473056492,0.3708010120129893,0.0356547537526407,0.3708010120129893,0.0356547537526407,0.476143621102408,0.0293569932057306,0.476143621102408,0.0293569932057306,0.409303353603352,0.1957139748436634,0.3538434008517547,0.1959604595080888,0.5029609513654045,0.4591992593761701,0.3006138858867754,0.4591992593761701,1.124630633235144,0.604013244402165,1.1193796233359756,0.604013244402165,0.0,9.9e+99,0.0,9.9e+99,1.0326505735095417,0.214671855852772,1.0042098146583631,0.214671855852772,0.0,9.9e+99,0.0,9.9e+99,0.5226510931310805,0.0702240888590888,0.5025280342958077,0.0703144854688763,0.7835651138795212,0.0438960086238564,0.7491187008080634,0.0443179960666504,-3.152867693674116e-05,0.0,-3.546938302378072e-05,0.0
12,MD41,356.5954416,12.7795188,2.3402,202,0.2334709028015001,0.0506249844577467,0.2334709028015001,0.0506249844577467,0.5914715323219996,0.0617471468483462,0.5914715323219996,0.0617471468483462,0.8097073259828006,0.0472261127024403,0.8097073259828006,0.0472261127024403,2.3483416097494145,0.2847497085836211,2.174059099261801,0.2864167924274976,3.352767656567057,0.4514902149110583,2.978038903197104,0.4556530489523105,4.51266049751331,0.9416252622244264,3.4924798993758004,0.9508612898746168,0.0,9.9e+99,0.0,9.9e+99,4.956396977381374,0.5833189428048106,4.873856752921002,0.5833189428048106,0.0,9.9e+99,0.0,9.9e+99,-7.752465047468067e-05,0.0,-0.0619700992630574,0.0,2.8004183492640893,0.1141512407383595,2.693847898051977,0.1156976332957091,0.013888941582829,0.0,-0.3357095626450308,0.0
13,BX461,356.637366,12.8023335,2.5662,92,0.1288982267971202,0.0263763103217993,0.1288982267971202,0.0263763103217993,0.426211349474621,0.0350975840580442,0.426211349474621,0.0350975840580442,0.5882796673781536,0.0338940742680676,0.5882796673781536,0.0338940742680676,1.1267304110038152,0.1692052522062234,0.9868772862480552,0.1712113034178696,1.3374168778907911,0.328195345308152,0.9335922974395936,0.328195345308152,1.885486588417007,0.6300287304022048,1.8699008695216113,0.6300287304022048,0.0,9.9e+99,0.0,9.9e+99,3.0909407908222746,0.2580818771438652,2.9858269038076464,0.2580818771438652,0.0,9.9e+99,0.0,9.9e+99,0.9320082802720416,0.0685813668528627,0.8811845340444159,0.069236531295434,1.3575133660961984,0.0435653438464351,1.2699058857331122,0.0465417214865764,-0.0016793908650282,0.0,-0.0016910760454477,0.0
14,BX628,356.6332637,12.8242678,2.2794,63,0.211882999328619,0.0202339375182566,0.211882999328619,0.0202339375182566,0.4518508782119234,0.0305632833687557,0.4518508782119234,0.0305632833687557,0.499221975977877,0.0286047847650461,0.499221975977877,0.0286047847650461,0.699108962442681,0.1312394952287062,0.6346962135641195,0.1320839843492007,1.3216304293385868,0.2627760403913584,0.7478761650080746,0.2809935517642044,0.747824573309811,0.6085389121030744,0.5134337217233826,0.6085389121030744,0.0,9.9e+99,0.0,9.9e+99,1.276704350253969,0.1197083928049624,1.236382164502809,0.1197083928049624,0.0,9.9e+99,0.0,9.9e+99,4.341902905919088e-06,0.0,-0.0219115452795464,0.0,0.8728516682133024,0.0337173197554208,0.8118423266587199,0.0353183838210211,1.2886337790149736,0.0523984774566882,0.7370499722898198,0.107523181705162
15,fC23,356.6071486,12.82825,2.1725,52,0.0955919400344282,0.0391303420445092,0.0955919400344282,0.0391303420445092,0.2184819645156585,0.0527683640579325,0.2184819645156585,0.0527683640579325,0.0899301957460581,0.1034504193128053,0.0899301957460581,0.1034504193128053,0.511212086376569,0.1085324672210916,0.4383136162435597,0.1399738253324556,0.7413254913753764,0.2446059467859953,0.5951120500264755,0.2458277570402778,0.2790836839590327,0.5381574158101821,0.2202994064830504,0.5381574158101821,0.0,9.9e+99,0.0,9.9e+99,1.3338306142329523,0.2568020822846166,1.320989232412032,0.2568020822846166,0.0,9.9e+99,0.0,9.9e+99,2.983454511561046e-10,0.0,2.7897946159448697e-10,0.0,0.5675791201627243,0.0402661205651291,0.4741318831884,0.0433525785948358,-0.0075183191191198,0.0,-0.0058120117646649,0.0
16,NB2929,356.637644,12.8168207,2.5456,24,0.060126294191636,0.0233881487453867,0.060126294191636,0.0233881487453867,0.1275384988849599,0.0318478632092334,0.1275384988849599,0.0318478632092334,0.1331757983269043,0.0282598312905317,0.1331757983269043,0.0282598312905317,0.0782749966379899,0.1191090699415915,0.0782749966379899,0.1191090699415915,0.2215813469547263,0.3072314420882631,0.2215813469547263,0.3072314420882631,0.1257939431245403,0.6133404485333629,0.1257939431245403,0.6133404485333629,0.0,9.9e+99,0.0,9.9e+99,0.002830547013596,0.1467588248476943,0.002830547013596,0.1467588248476943,0.0,9.9e+99,0.0,9.9e+99,-5.571291671490817e-05,0.0,-5.571291671490817e-05,0.0,0.1955804761327596,0.031274182453976,0.1955804761327596,0.031274182453976,0.1968822668523457,0.0525868140208548,0.1968822668523457,0.0525868140208548
17,fBM47,356.6363206,12.8223559,2.2777,69,0.1632315590820893,0.0259005980214085,0.1632315590820893,0.0259005980214085,0.3049843610377429,0.0395930721380544,0.3049843610377429,0.0395930721380544,0.3164133742869648,0.0346693199383048,0.3164133742869648,0.0346693199383048,0.5374684126938227,0.1659771860066088,0.4521358583634449,0.1945623619471501,0.5783983025225644,0.3160764450404052,0.4229033517923908,0.3165825913365776,-0.3283746469978747,0.7636407888120357,-0.2590560851996671,0.7636407888120357,0.0,9.9e+99,0.0,9.9e+99,0.4097467443559194,0.1598746360020271,0.4082236892708709,0.1598746360020271,0.0,9.9e+99,0.0,9.9e+99,7.089413116097169e-06,0.0,6.576468461933531e-06,0.0,0.6646859177849179,0.0425690454010743,0.5973224053135195,0.0818371050013227,0.6933633200139097,0.056305873945754,0.4962938632652265,0.0603752032524006
18,D19,356.6015416,12.7856063,2.5717,104,0.0739500231584505,0.0323668584584592,0.0739500231584505,0.0323668584584592,0.3901655160639425,0.0427774276353219,0.3901655160639425,0.0427774276353219,0.6088067609925899,0.0349617390471836,0.6088067609925899,0.0349617390471836,1.156669862925392,0.2022014415900793,1.0669265888165174,0.2029151932468935,0.8841345159718818,0.4802189874386051,0.8407534241552823,0.4802189874386051,2.636765508439495,0.6909838465397127,2.6347546735042946,0.690983903269019,0.0,9.9e+99,0.0,9.9e+99,3.4075032509331993,0.2123121721833067,3.3861422725047423,0.212312172797296,0.0,9.9e+99,0.0,9.9e+99,0.8706459058801373,0.1061056507750577,0.8379282909697261,0.106286615321652,1.5856267151636223,0.0633566567365939,1.5295030630773334,0.0642427572013824,1.850197650995007,0.0680907456746767,1.8501867335958528,0.0680907456901987
19,D40,356.5949639,12.8255767,2.96,71,0.0102497662059548,0.0266385518245459,0.0102497662059548,0.0266385518245459,0.4146960397846427,0.0347011671412826,0.4146960397846427,0.0347011671412826,0.5900086484997599,0.0304266403569827,0.5900086484997599,0.0304266403569827,0.3418968793951062,0.0,0.3418968793951062,0.0,0.9726002029512284,0.3398084984233899,0.9067547136076086,0.3400160197356238,1.026060704201048,0.6636433929547433,0.8056260686174256,0.6636433929547433,0.0,9.9e+99,0.0,9.9e+99,0.9052667762780252,0.1440988315139726,0.8262620189342358,0.1440988315139726,0.0,9.9e+99,0.0,9.9e+99,1.5071327762583813e-12,0.0,1.5071327762583813e-12,0.0,0.7474214139771093,0.0375708426784789,0.7016485580228508,0.0384674347506243,5.054166651374773e-05,0.0,-0.0807716338427723,0.0
20,C31,356.6395343,12.807401,3.0573,88,0.0112103725640463,0.027880198219506,0.0112103725640463,0.027880198219506,0.3365264811381708,0.0386175638674996,0.3365264811381708,0.0386175638674996,0.587549796232674,0.0363119370839434,0.587549796232674,0.0363119370839434,0.9002522903962701,0.1652292310794355,0.9002522903962701,0.1652292310794355,1.3345319619924696,0.3538765086253968,1.2371721681820862,0.3543128303192808,1.307157926559122,0.7596878667393469,0.9549843874746846,0.7596878667393469,0.0,9.9e+99,0.0,9.9e+99,1.2671137172424842,0.2059727492879351,1.2231571749920158,0.2059727492879351,0.0,9.9e+99,0.0,9.9e+99,0.6219373335123878,0.0934765573380826,0.6219373335123878,0.0934765573380826,0.9177304943015352,0.0433537643456696,0.8552345571208798,0.0447979288119919,-0.0212040239978099,0.0,-0.1320770922741031,0.0
21,BX216,356.6278026,12.7699214,2.0852,111,0.4023595749163312,0.0291847967756332,0.4023595749163312,0.0291847967756332,0.5535836773104371,0.0402386156565549,0.5535836773104371,0.0402386156565549,0.5222181443548711,0.0393286235236224,0.5222181443548711,0.0393286235236224,0.8354212261726589,0.1929159519358836,0.8210602946564621,0.1931464227746158,0.928235985967879,0.3723093767529213,0.8075069139392292,0.3738442807290881,0.8411936777537722,0.7100269753267244,0.5972012850283859,0.7100269753267244,0.0,9.9e+99,0.0,9.9e+99,0.3616696448891902,0.9069440085428112,0.3607362065718992,0.9069440085428112,0.0,9.9e+99,0.0,9.9e+99,1.1132452814822165,0.0998486319323508,1.099207793570803,0.1002650462801565,1.2470312288119645,0.0677420813302353,1.172688841449316,0.0708198825641888,9.353977066318095e-15,0.0,-0.1292829992297145,0.0
22,BM118,356.584293,12.7952094,1.2987,124,0.2661623140202033,0.0333476787222891,0.2661623140202033,0.0333476787222891,0.3492189699159995,0.0386655429111118,0.3492189699159995,0.0386655429111118,0.5995185024414778,0.0330955374356064,0.5995185024414778,0.0330955374356064,1.8947150905976584,0.1579512832515256,1.8947150905976584,0.1579512832515256,3.17772365826385,0.3890450773833246,3.17772365826385,0.3890450773833246,3.577830067754254,0.6230851077493441,3.577830067754254,0.6230851077493441,0.0,9.9e+99,0.0,9.9e+99,6.620327464753097,0.4119852689418823,6.620327464753097,0.4119852689418823,0.0,9.9e+99,0.0,9.9e+99,2.543131006405337e-07,0.0,2.543131006405337e-07,0.0,2.5979341362277224,0.0599685886595927,2.5979341362277224,0.0599685886595927,3.0245097548219073,0.0754437961117264,3.0245097548219073,0.0754437961117264
23,BX429,356.6052765,12.7973838,2.1751,142,0.1429694505377632,0.0500905845439686,0.1429694505377632,0.0500905845439686,0.4665966309253432,0.05920075352973,0.4665966309253432,0.05920075352973,0.5317372365451666,0.0461745034423402,0.5317372365451666,0.0461745034423402,0.8031319781834042,0.2133439236489316,0.6883945410095125,0.2143319808220261,1.742330620878131,0.4520639274331492,1.6133023075701958,0.4525044604218736,3.305393393221474,0.8613920364491968,2.439004648948884,0.8613920364491968,0.0,9.9e+99,0.0,9.9e+99,2.8153391869055344,0.3892266016080571,2.7839622921362666,0.3892266016080571,0.0,9.9e+99,0.0,9.9e+99,0.0388048875224511,0.0,-0.0009299923103101,0.0,1.639928548597388,0.0643756649114837,1.5664967523024769,0.0653157180446665,1.893110139970446,0.0749022780361999,1.7564735849810529,0.0778101034025758
24,BX341,356.5967791,12.7854572,2.5753,85,0.1638977004289677,0.0366157664106972,0.1638977004289677,0.0366157664106972,0.4565231260547508,0.0364298311134336,0.4565231260547508,0.0364298311134336,0.5811572651345204,0.0347222019188887,0.5811572651345204,0.0347222019188887,0.7435750639661989,0.1541673117067754,0.7033419100029425,0.1543463690084073,0.8006574655269446,0.4586607651063137,0.547715465879533,0.4586607651063137,0.5465211905696175,0.6566591018965788,0.5447309793586982,0.6566591018965788,0.0,9.9e+99,0.0,9.9e+99,1.07012338856604,0.16670639339927,1.042696711966978,0.16670639339927,0.0,9.9e+99,0.0,9.9e+99,-0.0020032897114013,0.0,-0.0165917991892395,0.0,0.9746587483453764,0.0588148729683052,0.9496818250097232,0.058995227027042,0.8508724135869603,0.0600148794573892,0.8508600641538149,0.0600148794608957
25,BM113,356.592698,12.7903413,1.3248,65,0.3315541110417262,0.0259047842600045,0.3315541110417262,0.0259047842600045,0.3329513185603717,0.0302271055288358,0.3329513185603717,0.0302271055288358,0.3249349397249829,0.0285427957740412,0.3249349397249829,0.0285427957740412,0.8147321300093873,0.2035514740047109,0.8147321300093873,0.2035514740047109,0.7483281427576202,0.4521108410244606,0.7483281427576202,0.4521108410244606,0.1567095001054633,0.5825459955421666,0.1567095001054633,0.5825459955421666,0.0,9.9e+99,0.0,9.9e+99,0.7615232834883293,0.1713607301760977,0.7615232834883293,0.1713607301760977,0.0,9.9e+99,0.0,9.9e+99,5.3767970274894835e-05,0.0,5.3767970274894835e-05,0.0,0.7033643590091478,0.0465645483030544,0.7033643590091478,0.0465645483030544,0.7911839343387493,0.0418603327172687,0.7911839343387493,0.0418603327172687
26,fBM40,356.6373901,12.8068199,2.1473,55,0.1418107746778526,0.0213369968172105,0.1418107746778526,0.0213369968172105,0.2850004447017389,0.0329294495843406,0.2850004447017389,0.0329294495843406,0.385990387042489,0.0361104167864821,0.385990387042489,0.0361104167864821,0.2935679065779858,0.131123716413955,0.2400246238253464,0.1314714137803643,0.7684145128763379,0.2972725955210678,0.5823440574829091,0.2988714099097374,0.8628383073538233,0.6142565557369017,0.6391425561103404,0.6142565557369017,0.0,9.9e+99,0.0,9.9e+99,0.6124001771148992,0.1070882107133782,0.6027735860519088,0.1070882107133782,0.0,9.9e+99,0.0,9.9e+99,0.4081215007735664,0.0610797484365837,0.3897405075408802,0.061167830340889,0.5789548963481531,0.0498954888244442,0.4695220457228258,0.0530214258565324,0.0592866441702385,0.0,-0.1408136307349708,0.0
27,MD43,356.5853132,12.7824354,2.5792,56,0.1382621592353155,0.023420716125322,0.1382621592353155,0.023420716125322,0.4037194661289505,0.0307952343772022,0.4037194661289505,0.0307952343772022,0.4117726804859088,0.0312995909080702,0.4117726804859088,0.0312995909080702,0.3398761311286794,0.1643961558566916,0.3092684344233385,0.1690487794442807,0.3790956944399856,0.354275315572805,0.3168545712143339,0.3543591507162975,0.3994244116715783,0.5178387641457667,0.3990515759123465,0.5178387641457667,0.0,9.9e+99,0.0,9.9e+99,0.2813584980805236,0.1342731122785558,0.2780806339007112,0.1342731122785558,0.0,9.9e+99,0.0,9.9e+99,2.6790988316597524e-08,0.0,2.5681100743131292e-08,0.0,0.5204652294261669,0.0393433840618345,0.4957520338468666,0.0515377607038789,-0.0002585805747613,0.0,-0.0002585777640057,0.0
28,BX611,356.5888957,12.8222056,2.7561,89,0.1618107940625522,0.0302622373439112,0.1618107940625522,0.0302622373439112,0.4864599357432897,0.0417321247385161,0.4864599357432897,0.0417321247385161,0.5693311640471903,0.0381279146879241,0.5693311640471903,0.0381279146879241,0.3480620732205441,0.1718350763677129,0.3480184695148257,0.1718350959730312,0.4470273449940034,0.399409323519796,0.4454147109858129,0.3994093237447425,-0.844057450237951,0.7031494921016875,-0.844057450237951,0.7031494921016875,0.0,9.9e+99,0.0,9.9e+99,1.1112778040302131,0.2170992281258325,1.0713133214350905,0.2170992281258325,0.0,9.9e+99,0.0,9.9e+99,2.1824378377111923e-14,0.0,2.0249692615626013e-14,0.0,0.7848478599210652,0.0688753865989814,0.6825357000803853,0.143446371737113,1.0147634346270875,0.079085531752954,0.8977532013396085,0.1669355226655688
29,BM192,356.6084492,12.8256729,1.1305,140,0.6558341271448551,0.0313251436879287,0.6558341271448551,0.0313251436879287,0.7097907489352239,0.0481866912916536,0.7097907489352239,0.0481866912916536,0.7932875272543674,0.0486480525931443,0.7932875272543674,0.0486480525931443,1.944678816198581,0.1961801368491524,1.944678816198581,0.1961801368491524,1.3321966653940944,0.3943435347823059,1.3321966653940944,0.3943435347823059,2.328080918142541,0.8258873731099906,2.328080918142541,0.8258873731099906,0.0,9.9e+99,0.0,9.9e+99,2.204785525402,0.1434114069575001,2.204785525402,0.1434114069575001,0.0,9.9e+99,0.0,9.9e+99,2.3757181759883045e-08,0.0,2.3757181759883045e-08,0.0,2.1966271517297935,0.0620061905980852,2.1966271517297935,0.0620061905980852,2.146959446882961,0.1070953700746418,2.146959446882961,0.1070953700746418
